     0.0000000        0.06365046        0.00036132
     0.1000000        0.03106264        0.00115111
     0.2000000        0.02121482        0.00222736
     0.3000000        0.00990097        0.00173926
     0.4000000        0.00515031        0.00200088
     0.5000000        0.00166824        0.00094558
     0.6000000        0.00079430        0.00444884
     0.7000000       -0.00282829        0.00252599
     0.8000000        0.00040302        0.00096538
     0.9000000       -0.00430000        0.00022218
     1.0000000       -0.00185074        0.00090946
     1.1000000       -0.00127720        0.00147438
     1.2000000       -0.00010315        0.00178648
     1.3000000       -0.00342865        0.00203070
     1.4000000        0.00034625        0.00167852
     1.5000000       -0.00000210        0.00044978
     1.6000000       -0.00257368        0.00234040
     1.7000000       -0.00105747        0.00238117
     1.8000000       -0.00110155        0.00343217
     1.9000000       -0.00146326        0.00135051
     2.0000000       -0.00243658        0.00131381
     2.1000000       -0.00031283        0.00482805
     2.2000000       -0.00029450        0.00292158
     2.3000000       -0.00034380        0.00181334
     2.4000000       -0.00107018        0.00069709
     2.5000000       -0.00108485        0.00297588
     2.6000000       -0.00199981        0.00118374
     2.7000000       -0.00322914        0.00221895
     2.8000000       -0.00290121        0.00045382
     2.9000000       -0.00188748        0.00323346
     3.0000000        0.00118480        0.00412828
     3.1000000        0.00236284        0.00136192
     3.2000000        0.00230064        0.00043474
     3.3000000       -0.00033006        0.00031520
     3.4000000       -0.00003738        0.00252278
     3.5000000        0.00030539        0.00207615
     3.6000000        0.00157617        0.00083326
     3.7000000        0.00057084        0.00013575
     3.8000000        0.00147443        0.00294598
     3.9000000       -0.00016606        0.00299189
     4.0000000        0.00017764        0.00442133
     4.1000000       -0.00205251        0.00137977
     4.2000000       -0.00116450        0.00090557
     4.3000000       -0.00327501        0.00129965
     4.4000000       -0.00177734        0.00026362
     4.5000000       -0.00069048        0.00081468
     4.6000000        0.00057587        0.00004714
     4.7000000        0.00310688        0.00029741
     4.8000000        0.00070645        0.00224096
     4.9000000        0.00167796        0.00165512
     5.0000000       -0.00127103        0.00211491
     5.1000000       -0.00017078        0.00038537
     5.2000000        0.00077264        0.00280651
     5.3000000        0.00141038        0.00027059
     5.4000000       -0.00172474        0.00404920
     5.5000000       -0.00076950        0.00111603
     5.6000000        0.00053550        0.00050293
     5.7000000        0.00012693        0.00081599
     5.8000000        0.00054357        0.00043808
     5.9000000        0.00182831        0.00044409
     6.0000000        0.00241177        0.00006768
     6.1000000        0.00081941        0.00062979
     6.2000000       -0.00199969        0.00207087
     6.3000000       -0.00187434        0.00058979
     6.4000000       -0.00274564        0.00093832
     6.5000000       -0.00302295        0.00038009
     6.6000000       -0.00144296        0.00037032
     6.7000000       -0.00299315        0.00036606
     6.8000000        0.00081445        0.00240391
     6.9000000        0.00353289        0.00513556
     7.0000000        0.00231198        0.00038426
     7.1000000       -0.00022264        0.00318397
     7.2000000       -0.00209201        0.00056598
     7.3000000        0.00077854        0.00113111
     7.4000000        0.00060208        0.00128256
     7.5000000        0.00052972        0.00124742
     7.6000000        0.00151739        0.00011382
     7.7000000        0.00160510        0.00294676
     7.8000000        0.00069888        0.00205309
     7.9000000        0.00319525        0.00145606
     8.0000000        0.00069795        0.00246641
     8.1000000        0.00163549        0.00066110
     8.2000000        0.00183687        0.00211193
     8.3000000        0.00324933        0.00030824
     8.4000000        0.00157482        0.00318989
     8.5000000       -0.00067618        0.00020459
     8.6000000       -0.00067544        0.00068672
     8.7000000       -0.00058968        0.00069643
     8.8000000        0.00166482        0.00110656
     8.9000000        0.00484007        0.00031069
     9.0000000        0.01003816        0.00066410
     9.1000000        0.01547350        0.00153978
     9.2000000        0.02871805        0.00319195
     9.3000000        0.04621880        0.00408591
     9.4000000        0.07333774        0.00077492
     9.5000000        0.12714046        0.00162627
     9.6000000        0.20934912        0.00212790
     9.7000000        0.35388126        0.00008952
     9.8000000        0.61054031        0.00383752
     9.9000000        1.07329213        0.00695270
    10.0000000        1.93634954        0.00036132
