     0.0000000        0.78635855        0.01690438
     0.1000000        0.52381476        0.01484765
     0.2000000        0.37183752        0.01405791
     0.3000000        0.27377145        0.01223878
     0.4000000        0.20961370        0.00908734
     0.5000000        0.16332603        0.00859967
     0.6000000        0.12770537        0.00685999
     0.7000000        0.10045723        0.00361600
     0.8000000        0.07835973        0.00335773
     0.9000000        0.06232152        0.00038288
     1.0000000        0.04850942        0.00108922
     1.1000000        0.03761303        0.00266144
     1.2000000        0.02900833        0.00274786
     1.3000000        0.02147667        0.00283837
     1.4000000        0.01848525        0.00104093
     1.5000000        0.01546804        0.00099500
     1.6000000        0.01269309        0.00219805
     1.7000000        0.01189565        0.00257574
     1.8000000        0.01055038        0.00493029
     1.9000000        0.00783585        0.00721366
     2.0000000        0.00638586        0.00959384
     2.1000000        0.00469234        0.01174054
     2.2000000        0.00264708        0.01173321
     2.3000000        0.00019708        0.01082431
     2.4000000       -0.00149104        0.00974124
     2.5000000       -0.00292162        0.00995816
     2.6000000       -0.00222331        0.00798582
     2.7000000       -0.00138318        0.00774775
     2.8000000       -0.00195218        0.00723278
     2.9000000       -0.00271055        0.00575806
     3.0000000       -0.00174348        0.00403409
     3.1000000       -0.00133287        0.00280496
     3.2000000       -0.00058673        0.00296126
     3.3000000        0.00002581        0.00248620
     3.4000000        0.00005048        0.00239772
     3.5000000        0.00027106        0.00108574
     3.6000000        0.00090381        0.00020151
     3.7000000        0.00091954        0.00022284
     3.8000000        0.00074524        0.00041625
     3.9000000       -0.00017352        0.00054147
     4.0000000       -0.00074966        0.00066169
     4.1000000       -0.00022591        0.00059728
     4.2000000        0.00025749        0.00087622
     4.3000000        0.00078917        0.00239094
     4.4000000        0.00039843        0.00236695
     4.5000000       -0.00026712        0.00297304
     4.6000000       -0.00131454        0.00300042
     4.7000000       -0.00144549        0.00346834
     4.8000000       -0.00148806        0.00368696
     4.9000000       -0.00051112        0.00479335
     5.0000000       -0.00107028        0.00561215
     5.1000000       -0.00111495        0.00641810
     5.2000000       -0.00107005        0.00434033
     5.3000000       -0.00191346        0.00284052
     5.4000000       -0.00320042        0.00346307
     5.5000000       -0.00358960        0.00262145
     5.6000000       -0.00455370        0.00238172
     5.7000000       -0.00413336        0.00213154
     5.8000000       -0.00453565        0.00186835
     5.9000000       -0.00500577        0.00094498
     6.0000000       -0.00467756        0.00085648
     6.1000000       -0.00442952        0.00075591
     6.2000000       -0.00422468        0.00009111
     6.3000000       -0.00405183        0.00073225
     6.4000000       -0.00324372        0.00095407
     6.5000000       -0.00210701        0.00032831
     6.6000000       -0.00077946        0.00057672
     6.7000000       -0.00042235        0.00069434
     6.8000000       -0.00094389        0.00104050
     6.9000000       -0.00075509        0.00068292
     7.0000000       -0.00098747        0.00106935
     7.1000000       -0.00066229        0.00229707
     7.2000000       -0.00089107        0.00235162
     7.3000000        0.00121183        0.00263093
     7.4000000        0.00282131        0.00258404
     7.5000000        0.00247545        0.00305666
     7.6000000        0.00359763        0.00344242
     7.7000000        0.00324065        0.00174665
     7.8000000        0.00471439        0.00001133
     7.9000000        0.00499748        0.00149211
     8.0000000        0.00457501        0.00296066
     8.1000000        0.00627012        0.00283289
     8.2000000        0.00915379        0.00116822
     8.3000000        0.01315401        0.00019430
     8.4000000        0.01677940        0.00251173
     8.5000000        0.01685424        0.00048676
     8.6000000        0.01914006        0.00072159
     8.7000000        0.02301095        0.00002941
     8.8000000        0.02994433        0.00250639
     8.9000000        0.03885962        0.00351072
     9.0000000        0.04754259        0.00459126
     9.1000000        0.06168171        0.00778767
     9.2000000        0.07716689        0.00924012
     9.3000000        0.09656803        0.01249022
     9.4000000        0.12351240        0.01191349
     9.5000000        0.16099304        0.01316964
     9.6000000        0.21039174        0.01836483
     9.7000000        0.27533773        0.01756737
     9.8000000        0.37385564        0.02118742
     9.9000000        0.52209468        0.02050651
    10.0000000        0.78635855        0.01690438
