     0.0000000        1.84455183        0.00417550
     0.1000000        1.32191572        0.01130805
     0.2000000        0.96511563        0.00229354
     0.3000000        0.70272960        0.00549769
     0.4000000        0.52183469        0.00291731
     0.5000000        0.38846072        0.01015095
     0.6000000        0.29137125        0.00143339
     0.7000000        0.21519802        0.00400660
     0.8000000        0.16462782        0.00650641
     0.9000000        0.12432882        0.00558919
     1.0000000        0.09280891        0.00962342
     1.1000000        0.06308567        0.00452656
     1.2000000        0.04866822        0.00420504
     1.3000000        0.03804444        0.00268085
     1.4000000        0.03213628        0.00174691
     1.5000000        0.02172823        0.00818455
     1.6000000        0.01873926        0.00445651
     1.7000000        0.00862214        0.00357965
     1.8000000        0.01200566        0.00061684
     1.9000000        0.01208097        0.00267143
     2.0000000        0.00795932        0.00121599
     2.1000000        0.00555648        0.00680647
     2.2000000        0.00418036        0.00282743
     2.3000000        0.00269393        0.01076815
     2.4000000        0.00199229        0.00886117
     2.5000000        0.00050708        0.00943999
     2.6000000        0.00405600        0.00312655
     2.7000000        0.00301194        0.00052003
     2.8000000        0.00062321        0.00391328
     2.9000000       -0.00211577        0.00526784
     3.0000000       -0.00079402        0.00740573
     3.1000000       -0.00053557        0.00525112
     3.2000000        0.00548801        0.00109379
     3.3000000        0.00260619        0.00836714
     3.4000000        0.00222071        0.01027901
     3.5000000        0.00222014        0.00428730
     3.6000000        0.00303943        0.00390666
     3.7000000       -0.00154506        0.00317350
     3.8000000       -0.00177393        0.00034501
     3.9000000       -0.00067527        0.00200410
     4.0000000       -0.00472332        0.00249450
     4.1000000       -0.00192875        0.00376996
     4.2000000       -0.00153318        0.00588227
     4.3000000       -0.00313471        0.00557443
     4.4000000       -0.00140004        0.00127711
     4.5000000       -0.00085004        0.00149915
     4.6000000       -0.00150112        0.00951169
     4.7000000        0.00103406        0.00445563
     4.8000000       -0.00056585        0.00124371
     4.9000000        0.00108747        0.00183509
     5.0000000        0.00111194        0.00039463
     5.1000000       -0.00097383        0.00005663
     5.2000000       -0.00320478        0.00270942
     5.3000000       -0.00116873        0.00718758
     5.4000000       -0.00008209        0.00637702
     5.5000000       -0.00093556        0.00363548
     5.6000000        0.00021583        0.00388599
     5.7000000        0.00157458        0.00026454
     5.8000000        0.00072350        0.00192621
     5.9000000       -0.00039585        0.00074966
     6.0000000       -0.00084074        0.00459945
     6.1000000       -0.00195749        0.00656452
     6.2000000       -0.00289413        0.00456709
     6.3000000       -0.00303871        0.00345593
     6.4000000       -0.00259437        0.00404532
     6.5000000       -0.00284894        0.00553729
     6.6000000       -0.00197185        0.00295175
     6.7000000        0.00244270        0.00146808
     6.8000000        0.00070055        0.00100621
     6.9000000        0.00174569        0.00513266
     7.0000000        0.00133265        0.00539698
     7.1000000        0.00117229        0.00197285
     7.2000000        0.00339569        0.00234613
     7.3000000        0.00088981        0.00444691
     7.4000000        0.00149095        0.00423799
     7.5000000        0.00659615        0.00171859
     7.6000000        0.00504080        0.00048424
     7.7000000        0.00318738        0.00229079
     7.8000000        0.00129539        0.00538492
     7.9000000        0.00342939        0.00330656
     8.0000000        0.00856729        0.00511921
     8.1000000        0.00703221        0.00374337
     8.2000000        0.00587672        0.00122589
     8.3000000        0.00381899        0.00051737
     8.4000000        0.00597045        0.00621769
     8.5000000        0.00638350        0.00685674
     8.6000000        0.00866318        0.00973860
     8.7000000        0.00837119        0.00966331
     8.8000000        0.00770608        0.00236992
     8.9000000        0.00624947        0.01259487
     9.0000000        0.00625275        0.00034445
     9.1000000        0.00564560        0.00358173
     9.2000000        0.01219020        0.01200561
     9.3000000        0.01487272        0.00751173
     9.4000000        0.01836543        0.00471347
     9.5000000        0.02617547        0.00379677
     9.6000000        0.03529067        0.00025993
     9.7000000        0.04528931        0.00394868
     9.8000000        0.06839854        0.00625395
     9.9000000        0.10209999        0.00599279
    10.0000000        0.15544817        0.00417550
