     0.0000000        2.00000000        0.00000000
     0.1000000        1.58631188        0.00442661
     0.2000000        1.27057463        0.00837622
     0.3000000        1.02537129        0.00254670
     0.4000000        0.83215635        0.00103773
     0.5000000        0.67840977        0.00316377
     0.6000000        0.55762132        0.00973659
     0.7000000        0.45823940        0.01057545
     0.8000000        0.38255207        0.00687129
     0.9000000        0.32160940        0.00223254
     1.0000000        0.26853997        0.00655100
     1.1000000        0.22731084        0.00762148
     1.2000000        0.19064128        0.00620364
     1.3000000        0.15824270        0.01026500
     1.4000000        0.13439280        0.01484850
     1.5000000        0.11222623        0.00961381
     1.6000000        0.09417240        0.01467184
     1.7000000        0.07592472        0.00729109
     1.8000000        0.06361903        0.00106298
     1.9000000        0.05369029        0.00148517
     2.0000000        0.04492740        0.00148788
     2.1000000        0.04021007        0.00587807
     2.2000000        0.03493434        0.00294998
     2.3000000        0.02710985        0.00109513
     2.4000000        0.02208016        0.00258827
     2.5000000        0.01984425        0.00305116
     2.6000000        0.01674914        0.00497946
     2.7000000        0.02057949        0.00313773
     2.8000000        0.01692185        0.00196660
     2.9000000        0.01846001        0.00068693
     3.0000000        0.01342546        0.00347041
     3.1000000        0.00922312        0.00016253
     3.2000000        0.01201572        0.00182882
     3.3000000        0.01179183        0.00004755
     3.4000000        0.01174725        0.00131066
     3.5000000        0.00429046        0.00124381
     3.6000000        0.00865000        0.00542306
     3.7000000        0.00765126        0.00152582
     3.8000000        0.00610478        0.00046533
     3.9000000        0.00034814        0.00252600
     4.0000000       -0.00136215        0.01194396
     4.1000000       -0.00267924        0.00829291
     4.2000000       -0.00244909        0.00825664
     4.3000000        0.00103668        0.00632794
     4.4000000        0.00171654        0.00118489
     4.5000000       -0.00338010        0.00175584
     4.6000000       -0.00034277        0.00134658
     4.7000000        0.00107590        0.00244344
     4.8000000        0.00247953        0.00570015
     4.9000000        0.00011474        0.00206458
     5.0000000       -0.00039025        0.00560204
     5.1000000        0.00007750        0.00173830
     5.2000000        0.00257591        0.00113468
     5.3000000        0.00251351        0.00471444
     5.4000000        0.00281039        0.01245502
     5.5000000        0.00272224        0.01416817
     5.6000000       -0.00208001        0.00786868
     5.7000000       -0.00103593        0.01126948
     5.8000000        0.00314585        0.00994701
     5.9000000        0.00297262        0.00467760
     6.0000000        0.00374559        0.00429710
     6.1000000        0.00068483        0.00348315
     6.2000000        0.00101719        0.00372398
     6.3000000        0.00228735        0.00623228
     6.4000000        0.00039367        0.00476873
     6.5000000        0.00014704        0.00722413
     6.6000000        0.00501171        0.00206393
     6.7000000        0.00652961        0.00390872
     6.8000000        0.00875335        0.00598951
     6.9000000        0.00677953        0.00399761
     7.0000000        0.01154756        0.00353603
     7.1000000        0.01194735        0.00278570
     7.2000000        0.01319578        0.00463758
     7.3000000        0.01595506        0.00228193
     7.4000000        0.01494149        0.00569491
     7.5000000        0.01535750        0.00610964
     7.6000000        0.02295124        0.00177022
     7.7000000        0.02947645        0.00003610
     7.8000000        0.03188462        0.00118552
     7.9000000        0.03506214        0.00221249
     8.0000000        0.04163186        0.00125773
     8.1000000        0.05424310        0.00680015
     8.2000000        0.06421283        0.00774166
     8.3000000        0.07757897        0.00706819
     8.4000000        0.08855561        0.00126166
     8.5000000        0.10495667        0.00126013
     8.6000000        0.13057565        0.00040975
     8.7000000        0.15545345        0.00445042
     8.8000000        0.18889968        0.00325535
     8.9000000        0.22416620        0.00175429
     9.0000000        0.26597145        0.00012679
     9.1000000        0.31876541        0.00327687
     9.2000000        0.38300212        0.00247909
     9.3000000        0.46339813        0.00048508
     9.4000000        0.56117042        0.00591634
     9.5000000        0.68634091        0.00014915
     9.6000000        0.83911552        0.00420453
     9.7000000        1.02709093        0.00137495
     9.8000000        1.27158228        0.00183282
     9.9000000        1.58390041        0.00189359
    10.0000000        2.00000000        0.00000000
