     0.0000000        0.80152759        0.00730486
     0.1000000        0.63536268        0.00699879
     0.2000000        0.51633125        0.00642869
     0.3000000        0.42970957        0.00642088
     0.4000000        0.36160417        0.00564818
     0.5000000        0.30776639        0.00531081
     0.6000000        0.26429811        0.00507343
     0.7000000        0.22910993        0.00518065
     0.8000000        0.19869952        0.00525010
     0.9000000        0.17383899        0.00582600
     1.0000000        0.15319484        0.00677174
     1.1000000        0.13383234        0.00594899
     1.2000000        0.11627385        0.00500153
     1.3000000        0.10113867        0.00487411
     1.4000000        0.08808200        0.00382544
     1.5000000        0.07784276        0.00396889
     1.6000000        0.06812215        0.00372907
     1.7000000        0.05866528        0.00320883
     1.8000000        0.05056653        0.00302985
     1.9000000        0.04245826        0.00275814
     2.0000000        0.03591704        0.00300682
     2.1000000        0.03061118        0.00325026
     2.2000000        0.02654084        0.00330647
     2.3000000        0.02271753        0.00311244
     2.4000000        0.01976135        0.00299551
     2.5000000        0.01774350        0.00290745
     2.6000000        0.01558196        0.00278232
     2.7000000        0.01335574        0.00277537
     2.8000000        0.01179965        0.00248069
     2.9000000        0.01069236        0.00242647
     3.0000000        0.00917149        0.00232253
     3.1000000        0.00733414        0.00222152
     3.2000000        0.00664655        0.00182820
     3.3000000        0.00597853        0.00159233
     3.4000000        0.00541687        0.00149487
     3.5000000        0.00511848        0.00160687
     3.6000000        0.00445071        0.00178790
     3.7000000        0.00466124        0.00154892
     3.8000000        0.00505899        0.00141768
     3.9000000        0.00436576        0.00137293
     4.0000000        0.00343111        0.00145605
     4.1000000        0.00269263        0.00187416
     4.2000000        0.00185355        0.00252750
     4.3000000        0.00026900        0.00352810
     4.4000000        0.00020082        0.00335406
     4.5000000        0.00023279        0.00289442
     4.6000000        0.00036605        0.00260149
     4.7000000        0.00037763        0.00257862
     4.8000000        0.00058365        0.00265841
     4.9000000        0.00238855        0.00276405
     5.0000000        0.00355736        0.00333527
     5.1000000        0.00391866        0.00359782
     5.2000000        0.00453832        0.00386227
     5.3000000        0.00462894        0.00368977
     5.4000000        0.00421969        0.00348239
     5.5000000        0.00378380        0.00333312
     5.6000000        0.00276481        0.00304462
     5.7000000        0.00237477        0.00284906
     5.8000000        0.00221877        0.00299576
     5.9000000        0.00144020        0.00301934
     6.0000000        0.00143311        0.00283373
     6.1000000        0.00121420        0.00297342
     6.2000000        0.00258912        0.00272196
     6.3000000        0.00342183        0.00274692
     6.4000000        0.00402308        0.00269615
     6.5000000        0.00526763        0.00252417
     6.6000000        0.00691291        0.00288192
     6.7000000        0.00874616        0.00332835
     6.8000000        0.01062089        0.00342648
     6.9000000        0.01091325        0.00330416
     7.0000000        0.01136908        0.00295957
     7.1000000        0.01214866        0.00304920
     7.2000000        0.01310873        0.00286888
     7.3000000        0.01397992        0.00283956
     7.4000000        0.01572274        0.00294497
     7.5000000        0.01792486        0.00296155
     7.6000000        0.02054714        0.00295512
     7.7000000        0.02346796        0.00315996
     7.8000000        0.02710065        0.00298868
     7.9000000        0.03148312        0.00278830
     8.0000000        0.03685701        0.00265923
     8.1000000        0.04335123        0.00246495
     8.2000000        0.05036085        0.00257378
     8.3000000        0.05763094        0.00245399
     8.4000000        0.06497798        0.00252799
     8.5000000        0.07346518        0.00300643
     8.6000000        0.08277271        0.00325465
     8.7000000        0.09449012        0.00374710
     8.8000000        0.10822724        0.00404595
     8.9000000        0.12469345        0.00419539
     9.0000000        0.14397316        0.00455525
     9.1000000        0.16654207        0.00472260
     9.2000000        0.19181922        0.00549036
     9.3000000        0.22224653        0.00583925
     9.4000000        0.25933247        0.00542564
     9.5000000        0.30401942        0.00496653
     9.6000000        0.35990076        0.00446048
     9.7000000        0.42854519        0.00440058
     9.8000000        0.51684164        0.00504815
     9.9000000        0.63537397        0.00635375
    10.0000000        0.80152759        0.00730486
