     0.0000000        0.23915236        0.00704441
     0.1000000        0.14200125        0.00654565
     0.2000000        0.08596370        0.00618387
     0.3000000        0.05429921        0.00604121
     0.4000000        0.03617113        0.00589559
     0.5000000        0.02557007        0.00588817
     0.6000000        0.01729094        0.00611218
     0.7000000        0.01382179        0.00561280
     0.8000000        0.01061177        0.00510864
     0.9000000        0.00873369        0.00479090
     1.0000000        0.00928253        0.00491089
     1.1000000        0.00872461        0.00481868
     1.2000000        0.00737650        0.00439135
     1.3000000        0.00673207        0.00446892
     1.4000000        0.00575955        0.00526686
     1.5000000        0.00523769        0.00613149
     1.6000000        0.00473758        0.00646960
     1.7000000        0.00372362        0.00700084
     1.8000000        0.00238531        0.00737144
     1.9000000        0.00103759        0.00779353
     2.0000000       -0.00031228        0.00852524
     2.1000000        0.00122907        0.00751184
     2.2000000        0.00190565        0.00674718
     2.3000000        0.00218418        0.00623708
     2.4000000        0.00086621        0.00610251
     2.5000000       -0.00049205        0.00640050
     2.6000000       -0.00277275        0.00739254
     2.7000000       -0.00301146        0.00706136
     2.8000000       -0.00388051        0.00797357
     2.9000000       -0.00457701        0.00694010
     3.0000000       -0.00519257        0.00695977
     3.1000000       -0.00477567        0.00637052
     3.2000000       -0.00499829        0.00606394
     3.3000000       -0.00336662        0.00535157
     3.4000000       -0.00353157        0.00525149
     3.5000000       -0.00310775        0.00462745
     3.6000000       -0.00263010        0.00412012
     3.7000000       -0.00227281        0.00359708
     3.8000000       -0.00238590        0.00306029
     3.9000000       -0.00177994        0.00282665
     4.0000000       -0.00131379        0.00283298
     4.1000000       -0.00144848        0.00284256
     4.2000000       -0.00353736        0.00298146
     4.3000000       -0.00516301        0.00299599
     4.4000000       -0.00555471        0.00313445
     4.5000000       -0.00591818        0.00351986
     4.6000000       -0.00514240        0.00397721
     4.7000000       -0.00469589        0.00373448
     4.8000000       -0.00453639        0.00379236
     4.9000000       -0.00410945        0.00384268
     5.0000000       -0.00363510        0.00439090
     5.1000000       -0.00312343        0.00516165
     5.2000000       -0.00405259        0.00527348
     5.3000000       -0.00370184        0.00463697
     5.4000000       -0.00150321        0.00439170
     5.5000000       -0.00100291        0.00417641
     5.6000000       -0.00020863        0.00353906
     5.7000000       -0.00050438        0.00327682
     5.8000000       -0.00157112        0.00297542
     5.9000000       -0.00192276        0.00238798
     6.0000000       -0.00299770        0.00247294
     6.1000000       -0.00410146        0.00308661
     6.2000000       -0.00543789        0.00379463
     6.3000000       -0.00528327        0.00407813
     6.4000000       -0.00460015        0.00359450
     6.5000000       -0.00315155        0.00324584
     6.6000000       -0.00215524        0.00324692
     6.7000000       -0.00322348        0.00343791
     6.8000000       -0.00343842        0.00353450
     6.9000000       -0.00420134        0.00380102
     7.0000000       -0.00422993        0.00361078
     7.1000000       -0.00349492        0.00332550
     7.2000000       -0.00371653        0.00327374
     7.3000000       -0.00371983        0.00340981
     7.4000000       -0.00300353        0.00355543
     7.5000000       -0.00188747        0.00389388
     7.6000000       -0.00076248        0.00400142
     7.7000000        0.00120508        0.00400240
     7.8000000        0.00217299        0.00399427
     7.9000000        0.00297788        0.00423535
     8.0000000        0.00400161        0.00408257
     8.1000000        0.00432702        0.00396928
     8.2000000        0.00388243        0.00389539
     8.3000000        0.00401088        0.00394043
     8.4000000        0.00429042        0.00424464
     8.5000000        0.00465547        0.00445451
     8.6000000        0.00484498        0.00444250
     8.7000000        0.00432995        0.00466097
     8.8000000        0.00283352        0.00506683
     8.9000000        0.00329824        0.00524126
     9.0000000        0.00413079        0.00538394
     9.1000000        0.00601586        0.00534007
     9.2000000        0.00635504        0.00588057
     9.3000000        0.00835322        0.00636477
     9.4000000        0.01227293        0.00669202
     9.5000000        0.01883205        0.00687277
     9.6000000        0.03096961        0.00706833
     9.7000000        0.05028149        0.00715080
     9.8000000        0.08354283        0.00745316
     9.9000000        0.14047184        0.00732129
    10.0000000        0.23915236        0.00704441
