     0.0000000        0.31733588        0.00885163
     0.1000000        0.17893191        0.00882849
     0.2000000        0.10486493        0.00878956
     0.3000000        0.06211989        0.00920189
     0.4000000        0.03913835        0.00836687
     0.5000000        0.02562082        0.00791520
     0.6000000        0.01497367        0.00785999
     0.7000000        0.00831357        0.00766502
     0.8000000        0.00523435        0.00715063
     0.9000000        0.00208398        0.00747822
     1.0000000       -0.00090775        0.00803041
     1.1000000        0.00029894        0.00690601
     1.2000000        0.00201290        0.00604424
     1.3000000        0.00161273        0.00619079
     1.4000000        0.00074922        0.00552100
     1.5000000       -0.00292948        0.00615677
     1.6000000       -0.00309181        0.00604220
     1.7000000       -0.00237651        0.00515443
     1.8000000       -0.00086227        0.00478240
     1.9000000        0.00059733        0.00431574
     2.0000000        0.00101019        0.00444375
     2.1000000        0.00112941        0.00438162
     2.2000000        0.00169425        0.00482736
     2.3000000        0.00290346        0.00479951
     2.4000000        0.00327642        0.00486133
     2.5000000        0.00292574        0.00449279
     2.6000000        0.00171938        0.00430370
     2.7000000        0.00172738        0.00462679
     2.8000000        0.00018873        0.00479710
     2.9000000        0.00014574        0.00446823
     3.0000000       -0.00091067        0.00460096
     3.1000000        0.00092104        0.00445369
     3.2000000       -0.00096691        0.00382539
     3.3000000       -0.00298022        0.00337790
     3.4000000       -0.00329321        0.00346893
     3.5000000       -0.00362850        0.00388996
     3.6000000       -0.00509535        0.00395922
     3.7000000       -0.00557884        0.00397563
     3.8000000       -0.00774339        0.00399380
     3.9000000       -0.00761551        0.00362626
     4.0000000       -0.00634306        0.00328706
     4.1000000       -0.00483375        0.00282895
     4.2000000       -0.00203012        0.00309849
     4.3000000       -0.00007112        0.00432347
     4.4000000       -0.00108478        0.00378662
     4.5000000       -0.00158319        0.00331361
     4.6000000       -0.00167832        0.00323988
     4.7000000       -0.00028671        0.00345641
     4.8000000       -0.00143850        0.00372704
     4.9000000       -0.00355648        0.00446042
     5.0000000       -0.00546612        0.00501375
     5.1000000       -0.00545763        0.00535698
     5.2000000       -0.00577559        0.00498025
     5.3000000       -0.00497121        0.00448331
     5.4000000       -0.00436383        0.00443672
     5.5000000       -0.00372100        0.00395608
     5.6000000       -0.00292023        0.00329618
     5.7000000       -0.00320800        0.00327130
     5.8000000       -0.00347806        0.00316116
     5.9000000       -0.00139431        0.00313402
     6.0000000       -0.00134451        0.00339858
     6.1000000       -0.00117978        0.00311683
     6.2000000       -0.00076518        0.00338577
     6.3000000       -0.00027757        0.00355393
     6.4000000       -0.00022239        0.00366339
     6.5000000       -0.00005550        0.00365824
     6.6000000       -0.00026634        0.00353514
     6.7000000       -0.00219407        0.00405837
     6.8000000       -0.00387543        0.00442283
     6.9000000       -0.00406035        0.00463841
     7.0000000       -0.00208043        0.00481064
     7.1000000       -0.00119400        0.00535230
     7.2000000       -0.00084817        0.00482529
     7.3000000       -0.00042309        0.00462491
     7.4000000        0.00011937        0.00458529
     7.5000000       -0.00049490        0.00407519
     7.6000000       -0.00051276        0.00394025
     7.7000000        0.00081535        0.00405432
     7.8000000        0.00119987        0.00385557
     7.9000000        0.00052813        0.00368451
     8.0000000        0.00071779        0.00331049
     8.1000000        0.00184654        0.00337294
     8.2000000        0.00223118        0.00383089
     8.3000000        0.00299604        0.00435100
     8.4000000        0.00517571        0.00404075
     8.5000000        0.00776680        0.00396152
     8.6000000        0.00967799        0.00400906
     8.7000000        0.01026742        0.00411182
     8.8000000        0.01175005        0.00364687
     8.9000000        0.01219116        0.00373493
     9.0000000        0.01195895        0.00403727
     9.1000000        0.01344091        0.00436237
     9.2000000        0.01813226        0.00496712
     9.3000000        0.02270871        0.00505735
     9.4000000        0.02719164        0.00461971
     9.5000000        0.03553153        0.00457050
     9.6000000        0.04698133        0.00517358
     9.7000000        0.06827596        0.00584969
     9.8000000        0.10665461        0.00691682
     9.9000000        0.17814366        0.00801268
    10.0000000        0.31733588        0.00885163
