     0.0000000        0.30587980        0.01117997
     0.1000000        0.15750621        0.00805198
     0.2000000        0.09296342        0.00569037
     0.3000000        0.06233509        0.00577390
     0.4000000        0.04697521        0.00752727
     0.5000000        0.03495844        0.00977716
     0.6000000        0.02759004        0.01072179
     0.7000000        0.02279053        0.00934769
     0.8000000        0.01938938        0.00925805
     0.9000000        0.01725645        0.00809950
     1.0000000        0.01683930        0.00890705
     1.1000000        0.01729348        0.01072466
     1.2000000        0.01658703        0.01121328
     1.3000000        0.01453563        0.01068415
     1.4000000        0.01265433        0.01019080
     1.5000000        0.01303849        0.00912736
     1.6000000        0.01424753        0.00766510
     1.7000000        0.01574218        0.00743408
     1.8000000        0.01465335        0.00949323
     1.9000000        0.01371472        0.00855043
     2.0000000        0.01309495        0.01152955
     2.1000000        0.01347537        0.01291916
     2.2000000        0.01309129        0.01155834
     2.3000000        0.01332840        0.01090783
     2.4000000        0.01158807        0.00866926
     2.5000000        0.01193137        0.00708120
     2.6000000        0.01061976        0.00755514
     2.7000000        0.01072733        0.00865939
     2.8000000        0.01033888        0.00874769
     2.9000000        0.00888553        0.00597827
     3.0000000        0.00917138        0.00733306
     3.1000000        0.01013401        0.00947114
     3.2000000        0.00944168        0.00646396
     3.3000000        0.00742779        0.00457076
     3.4000000        0.00717941        0.00497016
     3.5000000        0.00728892        0.00508815
     3.6000000        0.00517807        0.00734629
     3.7000000        0.00598801        0.01216167
     3.8000000        0.00618274        0.01282901
     3.9000000        0.00720508        0.01198372
     4.0000000        0.00713677        0.01359880
     4.1000000        0.00683477        0.01317016
     4.2000000        0.00653929        0.01040072
     4.3000000        0.00724508        0.00680728
     4.4000000        0.00629065        0.00646213
     4.5000000        0.00789062        0.00630887
     4.6000000        0.00847651        0.00869184
     4.7000000        0.00755170        0.01099220
     4.8000000        0.00651795        0.01121927
     4.9000000        0.00726849        0.00988411
     5.0000000        0.00954872        0.00805351
     5.1000000        0.01126421        0.00726324
     5.2000000        0.00928596        0.00760844
     5.3000000        0.00935993        0.00562634
     5.4000000        0.00853580        0.00444259
     5.5000000        0.00844564        0.00480345
     5.6000000        0.00844650        0.00568412
     5.7000000        0.00732930        0.00626832
     5.8000000        0.00648137        0.00805906
     5.9000000        0.00524397        0.00751160
     6.0000000        0.00473746        0.00724461
     6.1000000        0.00179651        0.00580668
     6.2000000        0.00040313        0.00558706
     6.3000000        0.00292310        0.00515856
     6.4000000        0.00539850        0.00377475
     6.5000000        0.00616456        0.00368050
     6.6000000        0.00626387        0.00668402
     6.7000000        0.00561315        0.00771489
     6.8000000        0.00603026        0.00467855
     6.9000000        0.00398085        0.00330215
     7.0000000        0.00429869        0.00383113
     7.1000000        0.00467618        0.00550413
     7.2000000        0.00507424        0.00686550
     7.3000000        0.00441362        0.00667255
     7.4000000        0.00492818        0.00655897
     7.5000000        0.00686069        0.00781322
     7.6000000        0.00701789        0.00856229
     7.7000000        0.00936955        0.01174776
     7.8000000        0.01093364        0.01200879
     7.9000000        0.01252021        0.01166450
     8.0000000        0.01306498        0.01157930
     8.1000000        0.01051838        0.01055230
     8.2000000        0.01004498        0.00862920
     8.3000000        0.01059973        0.00978909
     8.4000000        0.01032743        0.01041809
     8.5000000        0.01199020        0.01190700
     8.6000000        0.01197535        0.01518627
     8.7000000        0.01295859        0.01411182
     8.8000000        0.01338844        0.01360150
     8.9000000        0.01396136        0.01181245
     9.0000000        0.01595177        0.01282900
     9.1000000        0.01820307        0.00888778
     9.2000000        0.01822906        0.00811217
     9.3000000        0.02011383        0.00683117
     9.4000000        0.02236592        0.00914422
     9.5000000        0.02730833        0.01246321
     9.6000000        0.03564605        0.01299038
     9.7000000        0.05411071        0.01034364
     9.8000000        0.08680349        0.00950738
     9.9000000        0.15494488        0.00976476
    10.0000000        0.30587980        0.01117997
