     0.0000000        1.06322741        0.00297958
     0.1000000        0.89047848        0.00270244
     0.2000000        0.75781052        0.00451713
     0.3000000        0.63992487        0.00203318
     0.4000000        0.53122500        0.01227107
     0.5000000        0.46159359        0.02786752
     0.6000000        0.39607520        0.02123473
     0.7000000        0.34552012        0.02657687
     0.8000000        0.30133530        0.02762058
     0.9000000        0.26281586        0.03280207
     1.0000000        0.23521118        0.03092367
     1.1000000        0.20331876        0.02266298
     1.2000000        0.18185448        0.01250968
     1.3000000        0.15403019        0.00996769
     1.4000000        0.13964714        0.01126439
     1.5000000        0.11933020        0.01218209
     1.6000000        0.10776076        0.00843568
     1.7000000        0.08369288        0.00693351
     1.8000000        0.07979196        0.00462316
     1.9000000        0.07171461        0.00189972
     2.0000000        0.06177664        0.00144443
     2.1000000        0.05086072        0.00923365
     2.2000000        0.04483670        0.00823056
     2.3000000        0.04198232        0.00798708
     2.4000000        0.03056796        0.01050302
     2.5000000        0.02380448        0.00707014
     2.6000000        0.01917132        0.00372782
     2.7000000        0.02102781        0.01644306
     2.8000000        0.02260270        0.01197007
     2.9000000        0.02137034        0.00228072
     3.0000000        0.01706366        0.00135143
     3.1000000        0.01102241        0.00222280
     3.2000000        0.00590410        0.00491764
     3.3000000        0.00334656        0.01181659
     3.4000000        0.00092155        0.00456420
     3.5000000       -0.00063531        0.00198413
     3.6000000        0.00377426        0.00182330
     3.7000000        0.00434615        0.00675317
     3.8000000        0.00546038        0.00902192
     3.9000000        0.00280220        0.01031023
     4.0000000       -0.00055083        0.01521201
     4.1000000       -0.00631444        0.01419732
     4.2000000        0.00078863        0.01016545
     4.3000000        0.00317323        0.00916683
     4.4000000        0.00822509        0.00085858
     4.5000000        0.01251662        0.00271100
     4.6000000        0.01390441        0.00196964
     4.7000000        0.01227594        0.00132282
     4.8000000        0.01052839        0.00064245
     4.9000000        0.00821660        0.00576249
     5.0000000        0.00934563        0.00657999
     5.1000000        0.01041055        0.01016784
     5.2000000        0.01183363        0.01031975
     5.3000000        0.01049596        0.00601650
     5.4000000        0.01118686        0.00153189
     5.5000000        0.00692083        0.00160478
     5.6000000        0.00660178        0.00361582
     5.7000000       -0.00039675        0.00519481
     5.8000000        0.00831923        0.00947001
     5.9000000        0.00288578        0.00119478
     6.0000000        0.00861068        0.00360355
     6.1000000        0.01389971        0.01756737
     6.2000000        0.01075917        0.01914866
     6.3000000        0.01664361        0.02170861
     6.4000000        0.01557352        0.01415017
     6.5000000        0.01030422        0.01841182
     6.6000000        0.01337383        0.01983857
     6.7000000        0.02342049        0.02210607
     6.8000000        0.02517519        0.01340108
     6.9000000        0.02477942        0.01142216
     7.0000000        0.02506241        0.01567451
     7.1000000        0.02800621        0.00879394
     7.2000000        0.03417551        0.00876390
     7.3000000        0.03920916        0.01101692
     7.4000000        0.04180616        0.01379412
     7.5000000        0.04537108        0.02318068
     7.6000000        0.05140588        0.01832122
     7.7000000        0.05761342        0.02154223
     7.8000000        0.06471295        0.01666761
     7.9000000        0.05869270        0.01422838
     8.0000000        0.06043217        0.01240018
     8.1000000        0.06502303        0.00011026
     8.2000000        0.07346098        0.00903766
     8.3000000        0.08338880        0.01215353
     8.4000000        0.09329147        0.00969406
     8.5000000        0.10583126        0.00840861
     8.6000000        0.11446195        0.01608237
     8.7000000        0.12958990        0.01427754
     8.8000000        0.15481418        0.00668710
     8.9000000        0.18341511        0.01226025
     9.0000000        0.20622332        0.01053865
     9.1000000        0.24842502        0.01643939
     9.2000000        0.28906314        0.01510654
     9.3000000        0.32765248        0.01284048
     9.4000000        0.36470100        0.00314692
     9.5000000        0.42781032        0.00898958
     9.6000000        0.49990280        0.01640791
     9.7000000        0.57887786        0.00263876
     9.8000000        0.67033574        0.00972180
     9.9000000        0.78238206        0.00206714
    10.0000000        0.93677259        0.00297958
