     0.0000000        0.47103916        0.08346408
     0.1000000        0.28775342        0.07944017
     0.2000000        0.19728348        0.07984696
     0.3000000        0.14271013        0.08031778
     0.4000000        0.11472858        0.07828169
     0.5000000        0.09444317        0.07766832
     0.6000000        0.07930600        0.07920370
     0.7000000        0.07118965        0.08106821
     0.8000000        0.06460715        0.08656564
     0.9000000        0.05437363        0.09294976
     1.0000000        0.03832037        0.09779607
     1.1000000        0.03149208        0.09512335
     1.2000000        0.03367868        0.08933293
     1.3000000        0.03373726        0.08364292
     1.4000000        0.03968894        0.07708930
     1.5000000        0.03782938        0.07524582
     1.6000000        0.04378691        0.07042904
     1.7000000        0.04420593        0.06963810
     1.8000000        0.03850541        0.06902405
     1.9000000        0.03287744        0.06742375
     2.0000000        0.02404354        0.06689946
     2.1000000        0.03124994        0.06137511
     2.2000000        0.02996064        0.05660446
     2.3000000        0.04006659        0.05392640
     2.4000000        0.04850336        0.05200487
     2.5000000        0.04094689        0.05309873
     2.6000000        0.03672219        0.05573977
     2.7000000        0.03958286        0.05770620
     2.8000000        0.04601347        0.05722325
     2.9000000        0.04756552        0.05445416
     3.0000000        0.04749174        0.05641294
     3.1000000        0.05054136        0.05806273
     3.2000000        0.04955584        0.06262298
     3.3000000        0.04303161        0.06548222
     3.4000000        0.03939119        0.06830991
     3.5000000        0.04682735        0.06712557
     3.6000000        0.03241115        0.06969350
     3.7000000        0.02745269        0.06821722
     3.8000000        0.02641950        0.06617981
     3.9000000        0.02693460        0.06787297
     4.0000000        0.02990350        0.06769781
     4.1000000        0.03107049        0.06886408
     4.2000000        0.01997960        0.07000787
     4.3000000        0.01274804        0.07175577
     4.4000000        0.02101947        0.06893611
     4.5000000        0.02053640        0.06619332
     4.6000000        0.01588086        0.06902619
     4.7000000        0.01295293        0.06831435
     4.8000000        0.01108998        0.06993938
     4.9000000        0.01857501        0.06833235
     5.0000000        0.02276003        0.06836811
     5.1000000        0.02415919        0.06976043
     5.2000000        0.02757046        0.06815141
     5.3000000        0.02449185        0.06782248
     5.4000000        0.02846603        0.06630750
     5.5000000        0.03931291        0.06608986
     5.6000000        0.05404802        0.06560595
     5.7000000        0.05870683        0.06279555
     5.8000000        0.06020713        0.06057361
     5.9000000        0.06058704        0.05772851
     6.0000000        0.06032452        0.05901449
     6.1000000        0.06292628        0.05892806
     6.2000000        0.06334193        0.05875144
     6.3000000        0.06464624        0.06020200
     6.4000000        0.07136634        0.06113243
     6.5000000        0.07757307        0.06015204
     6.6000000        0.08602733        0.06039026
     6.7000000        0.08751655        0.06135057
     6.8000000        0.08883508        0.06089079
     6.9000000        0.08486682        0.06068021
     7.0000000        0.08725736        0.06094815
     7.1000000        0.08610729        0.06140007
     7.2000000        0.09123926        0.05849134
     7.3000000        0.09104605        0.05666685
     7.4000000        0.08406838        0.05600593
     7.5000000        0.07416979        0.05664013
     7.6000000        0.07253230        0.05702150
     7.7000000        0.06787592        0.05716565
     7.8000000        0.07555586        0.05556795
     7.9000000        0.07577416        0.05720527
     8.0000000        0.08217411        0.05763993
     8.1000000        0.09346614        0.05802965
     8.2000000        0.09522629        0.05914322
     8.3000000        0.09306232        0.06156714
     8.4000000        0.09374717        0.06223699
     8.5000000        0.09561566        0.06292298
     8.6000000        0.09797374        0.06459317
     8.7000000        0.09794664        0.06658469
     8.8000000        0.09389275        0.07011185
     8.9000000        0.09161069        0.07257003
     9.0000000        0.09375602        0.07235840
     9.1000000        0.09106055        0.07180663
     9.2000000        0.08518250        0.07216373
     9.3000000        0.09146614        0.07184002
     9.4000000        0.09672051        0.07277371
     9.5000000        0.10779137        0.07268430
     9.6000000        0.13313654        0.07421501
     9.7000000        0.15686093        0.07887819
     9.8000000        0.20117045        0.08244970
     9.9000000        0.28886569        0.08444297
    10.0000000        0.47103916        0.08346408
