     0.0000000        1.00000000        0.00000000
     0.1000000        0.73783176        0.00084574
     0.2000000        0.56487722        0.00076525
     0.3000000        0.43883651        0.00293200
     0.4000000        0.34626404        0.00232226
     0.5000000        0.28119515        0.00478197
     0.6000000        0.22864572        0.00153077
     0.7000000        0.18927083        0.00267904
     0.8000000        0.15601451        0.00305796
     0.9000000        0.13162349        0.00408563
     1.0000000        0.11011659        0.00533251
     1.1000000        0.09308519        0.00290773
     1.2000000        0.08024418        0.00134229
     1.3000000        0.06837375        0.00127940
     1.4000000        0.05938034        0.00208844
     1.5000000        0.05045964        0.00120193
     1.6000000        0.04336145        0.00099692
     1.7000000        0.03707314        0.00046324
     1.8000000        0.03216770        0.00022957
     1.9000000        0.02759538        0.00142602
     2.0000000        0.02463821        0.00247970
     2.1000000        0.02051818        0.00199600
     2.2000000        0.01869572        0.00221621
     2.3000000        0.01609821        0.00176710
     2.4000000        0.01438515        0.00098140
     2.5000000        0.01199030        0.00049483
     2.6000000        0.01056463        0.00101290
     2.7000000        0.00980455        0.00217409
     2.8000000        0.00933512        0.00070345
     2.9000000        0.00795868        0.00022655
     3.0000000        0.00776308        0.00013291
     3.1000000        0.00720699        0.00134486
     3.2000000        0.00558600        0.00184414
     3.3000000        0.00470671        0.00215193
     3.4000000        0.00480314        0.00198204
     3.5000000        0.00351883        0.00136387
     3.6000000        0.00306223        0.00127746
     3.7000000        0.00210528        0.00059850
     3.8000000        0.00284921        0.00022637
     3.9000000        0.00241327        0.00063296
     4.0000000        0.00172693        0.00038860
     4.1000000        0.00073099        0.00072818
     4.2000000        0.00154163        0.00013022
     4.3000000        0.00142960        0.00094423
     4.4000000        0.00171740        0.00028899
     4.5000000        0.00202906        0.00114995
     4.6000000        0.00110294        0.00053097
     4.7000000        0.00202186        0.00252839
     4.8000000        0.00187842        0.00173909
     4.9000000        0.00189722        0.00210481
     5.0000000        0.00113756        0.00144284
     5.1000000        0.00066503        0.00056842
     5.2000000        0.00101894        0.00018973
     5.3000000        0.00188873        0.00133535
     5.4000000        0.00156758        0.00073362
     5.5000000        0.00173536        0.00115652
     5.6000000        0.00263927        0.00014122
     5.7000000        0.00273511        0.00008055
     5.8000000        0.00269485        0.00055183
     5.9000000        0.00222482        0.00143058
     6.0000000        0.00148710        0.00155395
     6.1000000        0.00183771        0.00031110
     6.2000000        0.00158282        0.00146907
     6.3000000        0.00209089        0.00022352
     6.4000000        0.00254739        0.00131086
     6.5000000        0.00199627        0.00082089
     6.6000000        0.00121392        0.00220051
     6.7000000        0.00321799        0.00173471
     6.8000000        0.00427841        0.00216092
     6.9000000        0.00599722        0.00219496
     7.0000000        0.00739489        0.00357413
     7.1000000        0.00767616        0.00308781
     7.2000000        0.01022045        0.00327116
     7.3000000        0.01088890        0.00401864
     7.4000000        0.01179223        0.00343523
     7.5000000        0.01479822        0.00395169
     7.6000000        0.01617290        0.00379812
     7.7000000        0.01804946        0.00275581
     7.8000000        0.02051977        0.00336133
     7.9000000        0.02308257        0.00328908
     8.0000000        0.02673694        0.00346780
     8.1000000        0.03035372        0.00263998
     8.2000000        0.03605105        0.00376808
     8.3000000        0.04031749        0.00225007
     8.4000000        0.04542486        0.00274122
     8.5000000        0.05136068        0.00216505
     8.6000000        0.06009220        0.00218562
     8.7000000        0.06977242        0.00088274
     8.8000000        0.08249952        0.00095997
     8.9000000        0.09791424        0.00030237
     9.0000000        0.11427135        0.00279453
     9.1000000        0.13573451        0.00030151
     9.2000000        0.16203150        0.00337426
     9.3000000        0.19334380        0.00436230
     9.4000000        0.23133599        0.00343836
     9.5000000        0.28471967        0.00365851
     9.6000000        0.35220853        0.00405311
     9.7000000        0.44174882        0.00143221
     9.8000000        0.56368571        0.00469013
     9.9000000        0.73766099        0.00525373
    10.0000000        1.00000000        0.00000000
