     0.0000000        0.58509282        0.00476207
     0.1000000        0.39797284        0.00885857
     0.2000000        0.28452711        0.00648242
     0.3000000        0.21392005        0.00340487
     0.4000000        0.16649463        0.00308527
     0.5000000        0.13485875        0.00084310
     0.6000000        0.11057850        0.00137135
     0.7000000        0.09039992        0.00014293
     0.8000000        0.07598983        0.00222346
     0.9000000        0.06253937        0.00239105
     1.0000000        0.05178887        0.00340794
     1.1000000        0.04271487        0.00457095
     1.2000000        0.03639674        0.00469011
     1.3000000        0.03123291        0.00427379
     1.4000000        0.02662268        0.00318917
     1.5000000        0.02188563        0.00166594
     1.6000000        0.01877356        0.00002548
     1.7000000        0.01536985        0.00008409
     1.8000000        0.01364914        0.00139893
     1.9000000        0.01224747        0.00224227
     2.0000000        0.01004648        0.00171998
     2.1000000        0.00880253        0.00091004
     2.2000000        0.00776906        0.00046827
     2.3000000        0.00705082        0.00097544
     2.4000000        0.00541344        0.00201867
     2.5000000        0.00391549        0.00263984
     2.6000000        0.00381911        0.00290573
     2.7000000        0.00383666        0.00180714
     2.8000000        0.00276746        0.00261074
     2.9000000        0.00175721        0.00400617
     3.0000000        0.00085088        0.00390608
     3.1000000        0.00017785        0.00451416
     3.2000000       -0.00053200        0.00346249
     3.3000000       -0.00048857        0.00249100
     3.4000000        0.00005248        0.00215467
     3.5000000        0.00054877        0.00240318
     3.6000000        0.00060368        0.00170581
     3.7000000        0.00074005        0.00061547
     3.8000000        0.00103285        0.00189630
     3.9000000        0.00113083        0.00135846
     4.0000000        0.00123325        0.00145147
     4.1000000        0.00081066        0.00067094
     4.2000000        0.00090392        0.00018615
     4.3000000        0.00074371        0.00105209
     4.4000000        0.00022589        0.00188514
     4.5000000       -0.00049841        0.00094815
     4.6000000        0.00012096        0.00061925
     4.7000000       -0.00002588        0.00178469
     4.8000000        0.00029413        0.00238188
     4.9000000        0.00118007        0.00262585
     5.0000000        0.00150241        0.00288558
     5.1000000        0.00186737        0.00292385
     5.2000000        0.00214333        0.00366601
     5.3000000        0.00174148        0.00435359
     5.4000000        0.00178699        0.00480545
     5.5000000        0.00182865        0.00603912
     5.6000000        0.00253325        0.00691464
     5.7000000        0.00267926        0.00658313
     5.8000000        0.00225910        0.00587996
     5.9000000        0.00249683        0.00655834
     6.0000000        0.00128271        0.00590700
     6.1000000        0.00202571        0.00562151
     6.2000000        0.00320616        0.00549514
     6.3000000        0.00224100        0.00508865
     6.4000000        0.00217275        0.00434946
     6.5000000        0.00174777        0.00378314
     6.6000000        0.00213594        0.00400405
     6.7000000        0.00350070        0.00516618
     6.8000000        0.00496731        0.00493012
     6.9000000        0.00452119        0.00406291
     7.0000000        0.00545618        0.00406955
     7.1000000        0.00627408        0.00386405
     7.2000000        0.00620328        0.00326963
     7.3000000        0.00683543        0.00156100
     7.4000000        0.00733031        0.00056773
     7.5000000        0.00748669        0.00050116
     7.6000000        0.00675246        0.00128163
     7.7000000        0.00823596        0.00262991
     7.8000000        0.00979333        0.00133419
     7.9000000        0.01057484        0.00223063
     8.0000000        0.01262350        0.00311815
     8.1000000        0.01348472        0.00468048
     8.2000000        0.01652893        0.00459546
     8.3000000        0.02161778        0.00336385
     8.4000000        0.02514475        0.00098676
     8.5000000        0.02823461        0.00192277
     8.6000000        0.03188474        0.00418384
     8.7000000        0.03587833        0.00444305
     8.8000000        0.04099116        0.00437071
     8.9000000        0.04986921        0.00533647
     9.0000000        0.05940021        0.00692251
     9.1000000        0.06922767        0.00459344
     9.2000000        0.08133699        0.00594501
     9.3000000        0.09663948        0.00509148
     9.4000000        0.11557406        0.00374464
     9.5000000        0.14117823        0.00477401
     9.6000000        0.17478009        0.00304466
     9.7000000        0.22096529        0.00050975
     9.8000000        0.29020587        0.00272902
     9.9000000        0.40138664        0.00251683
    10.0000000        0.58509282        0.00476207
