     0.0000000        0.76074279        0.00944737
     0.1000000        0.64753402        0.00891452
     0.2000000        0.56470321        0.00850605
     0.3000000        0.50244376        0.00825735
     0.4000000        0.45261256        0.00760270
     0.5000000        0.41294711        0.00719395
     0.6000000        0.38025218        0.00703891
     0.7000000        0.35321503        0.00707237
     0.8000000        0.33026858        0.00728219
     0.9000000        0.31142104        0.00768478
     1.0000000        0.29507159        0.00791563
     1.1000000        0.27975350        0.00748957
     1.2000000        0.26567521        0.00683017
     1.3000000        0.25308364        0.00634397
     1.4000000        0.24146738        0.00573275
     1.5000000        0.23199319        0.00567235
     1.6000000        0.22278820        0.00547602
     1.7000000        0.21481859        0.00536000
     1.8000000        0.20808760        0.00539943
     1.9000000        0.20163615        0.00534332
     2.0000000        0.19591518        0.00548402
     2.1000000        0.18986220        0.00492560
     2.2000000        0.18442437        0.00448760
     2.3000000        0.17936732        0.00415959
     2.4000000        0.17490786        0.00399277
     2.5000000        0.17141688        0.00401422
     2.6000000        0.16863295        0.00435570
     2.7000000        0.16573956        0.00437927
     2.8000000        0.16321456        0.00448959
     2.9000000        0.16038406        0.00407813
     3.0000000        0.15834853        0.00411490
     3.1000000        0.15592981        0.00412507
     3.2000000        0.15386560        0.00434123
     3.3000000        0.15199890        0.00450199
     3.4000000        0.15030406        0.00469564
     3.5000000        0.14885510        0.00451929
     3.6000000        0.14827826        0.00486678
     3.7000000        0.14720773        0.00486097
     3.8000000        0.14624048        0.00478467
     3.9000000        0.14485093        0.00467144
     4.0000000        0.14357065        0.00437634
     4.1000000        0.14276685        0.00429820
     4.2000000        0.14261173        0.00432523
     4.3000000        0.14214247        0.00431333
     4.4000000        0.14126522        0.00413290
     4.5000000        0.14105516        0.00413961
     4.6000000        0.14058048        0.00425769
     4.7000000        0.14006723        0.00395056
     4.8000000        0.14002662        0.00402969
     4.9000000        0.14014154        0.00420827
     5.0000000        0.14095745        0.00454086
     5.1000000        0.14173029        0.00495022
     5.2000000        0.14209433        0.00501266
     5.3000000        0.14263715        0.00497047
     5.4000000        0.14251627        0.00493493
     5.5000000        0.14240130        0.00494788
     5.6000000        0.14166416        0.00473876
     5.7000000        0.14136248        0.00433091
     5.8000000        0.14157631        0.00412078
     5.9000000        0.14173755        0.00381494
     6.0000000        0.14215782        0.00357275
     6.1000000        0.14283636        0.00355480
     6.2000000        0.14419708        0.00352031
     6.3000000        0.14537508        0.00353002
     6.4000000        0.14637340        0.00345217
     6.5000000        0.14767080        0.00341382
     6.6000000        0.14929732        0.00352158
     6.7000000        0.15133689        0.00374735
     6.8000000        0.15355972        0.00384190
     6.9000000        0.15543757        0.00386105
     7.0000000        0.15728637        0.00380598
     7.1000000        0.15922915        0.00369345
     7.2000000        0.16111498        0.00349526
     7.3000000        0.16375448        0.00352508
     7.4000000        0.16688782        0.00356051
     7.5000000        0.17024480        0.00362108
     7.6000000        0.17418985        0.00371782
     7.7000000        0.17829605        0.00379717
     7.8000000        0.18285868        0.00380668
     7.9000000        0.18775151        0.00383801
     8.0000000        0.19306507        0.00389712
     8.1000000        0.19909442        0.00397690
     8.2000000        0.20574605        0.00424587
     8.3000000        0.21282987        0.00443231
     8.4000000        0.22017349        0.00449012
     8.5000000        0.22885180        0.00460859
     8.6000000        0.23797223        0.00465507
     8.7000000        0.24897906        0.00480133
     8.8000000        0.26131002        0.00492135
     8.9000000        0.27533369        0.00511349
     9.0000000        0.29078866        0.00540543
     9.1000000        0.30874873        0.00566194
     9.2000000        0.32920616        0.00591598
     9.3000000        0.35298041        0.00612028
     9.4000000        0.38078455        0.00639736
     9.5000000        0.41379471        0.00674666
     9.6000000        0.45430492        0.00727923
     9.7000000        0.50376047        0.00799873
     9.8000000        0.56668706        0.00890127
     9.9000000        0.64884290        0.00949990
    10.0000000        0.76074279        0.00944737
