 
            1   4.3575611470660212E-002   1.1023939752148885E-002
            2   4.3926772610186687E-003   1.1256258661551867E-002
            3   3.1144067480684645E-003   1.1364292083699374E-002
            4   8.9857043653595442E-004   1.1424057353958099E-002
            5   1.5367789627625398E-003   1.1451420772677315E-002
            6   7.2942877534407644E-004   1.1481845105194914E-002
            7  -6.4084944951731695E-005   1.1489441547197757E-002
            8   1.1126516342643588E-003   1.1499189111647318E-002
            9  -1.0066775423327976E-004   1.1523982271353797E-002
           10  -1.5950325679701019E-004   1.1526209973280948E-002
           11   6.3032827773495080E-004   1.1533617336545111E-002
           12  -1.5357273478529575E-004   1.1556017838260961E-002
           13   6.1469379407364736E-004   1.1544890208513816E-002
           14   1.8181373066856156E-004   1.1559198622933397E-002
           15  -4.9164162727755435E-004   1.1571681364410802E-002
           16  -1.6554565063368683E-004   1.1575025561291304E-002
           17  -6.0492442368434006E-004   1.1564502494516380E-002
           18   1.0618618484587457E-004   1.1575966908617159E-002
           19  -2.7224985869175791E-004   1.1571154932922540E-002
           20  -1.7904525710317842E-004   1.1578240533764316E-002
           21   3.1010187395006977E-004   1.1565227530311245E-002
           22   3.0445652028653980E-004   1.1574977338551382E-002
           23   8.9562254987222197E-003   1.1563813030392155E-002
           24   3.8554601208368530E-004   1.1567145212601307E-002
           25   9.3639165646114018E-004   1.1586016388237332E-002
           26   1.3290940239678330E-003   1.1587258024962065E-002
           27  -6.9303906426354729E-004   1.1696879292709574E-002
           28  -6.0102480811761647E-004   1.1602803199314121E-002
           29  -2.1797950545544958E-004   1.1575187882277807E-002
           30   1.6224559038962322E-003   1.1693400539821451E-002
           31   3.7081037428700141E-004   1.1599503778879097E-002
           32   6.5351641645194360E-004   1.1688185363383050E-002
           33   5.5034966589837062E-004   1.1611754826503409E-002
           34  -9.9935015668912939E-006   1.1578328491243427E-002
           35  -1.0235618855504715E-005   1.1678160541558234E-002
           36   1.4455491740640494E-004   1.1613308127450896E-002
           37  -6.2697696948133908E-004   1.1695778913028025E-002
           38   2.6351114029539050E-004   1.1613447414311374E-002
           39  -5.2674891751838240E-004   1.1607523217042406E-002
           40   9.0342020106966704E-004   1.1595930765194695E-002
           41   2.2084732833810585E-003   1.1708996428082902E-002
           42  -2.6909083940245438E-004   1.1690190288630132E-002
           43  -8.9591641696687072E-004   1.1610558421427927E-002
           44  -6.4354133701234031E-005   1.1738488619549058E-002
           45   2.2076439769810102E-004   1.1731635352747733E-002
           46  -6.5515312301241949E-004   1.1593061298630705E-002
           47  -4.9934652433048920E-004   1.1731664685389576E-002
           48  -2.3941804832572244E-004   1.1703886724253177E-002
           49  -9.0620481396375661E-004   1.1736523751839867E-002
           50  -3.1448941246259039E-004   1.1711473487650760E-002
           51   1.2984114455629728E-004   1.1683886486052251E-002
           52  -3.0370923058407629E-004   1.1593518984332302E-002
           53  -4.6364553134439844E-004   1.1675587817714932E-002
           54  -5.6388517377383297E-004   1.1708542306369954E-002
           55  -4.6225864509737640E-004   1.1712632411934017E-002
           56  -9.2865865605116027E-005   1.1716902093232501E-002
           57  -2.7962197617800174E-004   1.1613899666749635E-002
           58  -1.2973239529276962E-004   1.1611374253177252E-002
           59  -4.2535622204497317E-004   1.1634192827155897E-002
           60  -6.9398785058095731E-004   1.1722547763439419E-002
           61  -4.1289188765438449E-004   1.1606821305538773E-002
           62  -1.0046553296619509E-003   1.1743745709653228E-002
           63   2.4077251767440618E-004   1.1683303012564641E-002
           64   6.9278882777148026E-003   1.1714584038493302E-002
           65  -2.8389263888151030E-004   1.1647046124633086E-002
           66   8.0940303945228539E-004   1.1646268767614622E-002
           67   3.9641196877456160E-004   1.1730250877488843E-002
           68  -4.6660366500569743E-004   1.1622311005008613E-002
           69  -3.7656590888334265E-004   1.1807577808610411E-002
           70   1.6602051002524780E-004   1.1705598492454200E-002
           71  -2.8303773407464193E-004   1.1700905479846063E-002
           72   7.2589393773861966E-005   1.1649900896279219E-002
           73  -2.9002732288485415E-004   1.1751701705078289E-002
           74   3.0573779394926342E-004   1.1740119265872385E-002
           75   2.3510123595109019E-004   1.1726493065241537E-002
           76  -5.0386655996271254E-004   1.1625450287068101E-002
           77  -1.8494199803700709E-004   1.1740782228788172E-002
           78  -6.9215218220644822E-005   1.1602258675352018E-002
           79   5.2707521893720051E-004   1.1753851183703617E-002
           80  -2.0848589129467352E-004   1.1582899068622858E-002
           81  -5.0375088206500325E-004   1.1708210937476395E-002
           82  -3.7133371643585959E-004   1.1687377583418821E-002
           83  -7.2691735883010972E-004   1.1658081981654612E-002
           84  -8.6970918174686244E-004   1.1787689816423155E-002
           85  -5.8723048975377302E-004   1.1599342401642489E-002
           86   1.6243190430413642E-004   1.1606372415059333E-002
           87  -1.3374952982786063E-004   1.1721947746530698E-002
           88  -2.2289941994054604E-005   1.1757449359078645E-002
           89  -3.2803727325201199E-004   1.1743404101469875E-002
           90  -4.9926062763555872E-004   1.1737806650149006E-002
           91  -1.1946781298986201E-003   1.1742616173487520E-002
           92   5.7583208134926649E-004   1.1648283360013778E-002
           93  -3.4180000483056896E-004   1.1706979147506565E-002
           94   2.6889286520397553E-004   1.1759892914729201E-002
           95   9.6390043665640099E-004   1.1719044506883622E-002
           96   1.0299281052738585E-003   1.1756050542204488E-002
           97   7.3658680438430419E-004   1.1702471544201577E-002
           98  -8.1331381448107676E-005   1.1776255119284389E-002
           99   1.5559369179491623E-004   1.1800724727955448E-002
          100   1.0485593163643526E-003   1.1663998978808800E-002
          101  -4.9784178458672649E-004   1.1738078037376599E-002
          102   1.0759125341948992E-004   1.1764428473561189E-002
          103  -4.9935745520932506E-004   1.1751308417643287E-002
          104  -3.7413318591180181E-004   1.1620369935881570E-002
          105  -2.0572712402945658E-004   1.1694178489237119E-002
          106   3.0594448143195134E-003   1.1725472577678784E-002
          107   9.6350621738592113E-005   1.1693176528623490E-002
          108  -5.4742541461369454E-004   1.1683870342950481E-002
          109  -2.9838467227629470E-004   1.1665811727539069E-002
          110   2.6189135250030926E-004   1.1720667431400210E-002
          111  -4.0086688994322983E-004   1.1774344688390025E-002
          112  -2.4395199491614758E-004   1.1708078686799616E-002
          113   1.3058318757334990E-004   1.1663226384953203E-002
          114  -7.1584005464007039E-005   1.1622913978716324E-002
          115  -5.4110852803281701E-004   1.1744214437754665E-002
          116   1.0666385695252219E-003   1.1569997209260613E-002
          117  -5.4050493397788128E-004   1.1654273522793798E-002
          118   8.4916192294139559E-004   1.1703625843572374E-002
          119  -4.0193856015654741E-004   1.1743108981810819E-002
          120   1.2333074054015638E-003   1.1792480491364835E-002
          121   3.9721522114496559E-004   1.1705207662503934E-002
          122   1.5383170492770841E-003   1.1736417334834938E-002
          123   9.7875728613167962E-005   1.1652700435918699E-002
          124  -4.6840376362385788E-005   1.1702464034086325E-002
          125  -4.3356878374702486E-004   1.1726062855155759E-002
          126  -9.9376011440300725E-005   1.1726642651209979E-002
          127   2.4646315403863145E-004   1.1674728285097741E-002
          128  -1.0063444752574507E-003   1.1778703712411397E-002
          129  -9.4244572994345765E-004   1.1651174732293166E-002
          130  -3.6999680601746408E-004   1.1642121204807659E-002
          131  -3.6538369835967466E-004   1.1672982398538999E-002
          132   2.2313378928557077E-003   1.1682055393632465E-002
          133   2.1160142556562509E-004   1.1771727085095846E-002
          134  -3.1672930124817264E-004   1.1659911622223514E-002
          135  -7.4964215585716888E-004   1.1771958680593303E-002
          136  -5.4931040601747638E-004   1.1772384232546774E-002
          137  -7.3553720955484817E-004   1.1767901856302353E-002
          138  -6.9773842222757619E-004   1.1781813989655894E-002
          139  -1.9124955658949457E-004   1.1749879188869990E-002
          140   5.0120902080303287E-004   1.1737594582147563E-002
          141   3.4196091630537667E-004   1.1742277870928644E-002
          142   3.1630960668735516E-004   1.1696376057989505E-002
          143  -4.6998534389719416E-004   1.1738889330527091E-002
          144  -2.8870883892477697E-004   1.1773292633090683E-002
          145  -6.8234069141000458E-004   1.1706047325711261E-002
          146  -8.7378030656534906E-004   1.1710974058086385E-002
          147   6.1512526882871246E-003   1.1780820275000881E-002
          148   3.8173592648657113E-004   1.1706078203416065E-002
          149   9.7057348815441334E-004   1.1868545120374434E-002
          150  -2.5433651732231929E-004   1.1801576699519832E-002
          151   1.0885355318246786E-004   1.1722914936186726E-002
          152  -3.3217879000627343E-004   1.1784117896451672E-002
          153  -4.9291020662479599E-004   1.1711141074396787E-002
          154   1.5990840508686114E-003   1.1787750653547282E-002
          155   1.1928603296423139E-003   1.1737576477972760E-002
          156  -2.6964331732736127E-005   1.1638510924296118E-002
          157  -3.1232387570826885E-004   1.1585262861446054E-002
          158  -7.9975675492707896E-004   1.1814852187569480E-002
          159  -4.0995088325589346E-004   1.1693880334163112E-002
          160   4.8708156952925632E-004   1.1675990013814251E-002
          161   1.2780017170112583E-003   1.1735446172626968E-002
          162   1.7394649380250419E-004   1.1735821804458632E-002
          163  -2.7445101157104630E-004   1.1788832419158044E-002
          164   7.5535715134890174E-004   1.1688238638966435E-002
          165  -2.7798004857199201E-004   1.1792373003523930E-002
          166   1.0198522430469844E-003   1.1706566581302440E-002
          167   9.5699315818289834E-005   1.1694346240751011E-002
          168   1.2115122852606396E-003   1.1800479808185462E-002
          169   2.2292907315202767E-004   1.1725643057184367E-002
          170   1.5964149453064943E-003   1.1740424502642666E-002
          171   1.1130362026024623E-003   1.1799947831590475E-002
          172   1.7652977770336071E-005   1.1624325232923968E-002
          173   3.0705274243570838E-004   1.1733613795007128E-002
          174   7.1129024271968363E-005   1.1775161356122110E-002
          175  -1.2818366609655148E-004   1.1776150931252082E-002
          176  -3.8304302225012623E-004   1.1756094876611540E-002
          177   5.5794029370879756E-004   1.1708596964275954E-002
          178  -4.4656082239775984E-004   1.1840461282590494E-002
          179   5.1847910583413266E-004   1.1800440603779922E-002
          180  -2.9303203593539733E-004   1.1861607609453886E-002
          181  -8.3180510611338058E-004   1.1723994749834602E-002
          182  -2.1037183920628446E-004   1.1692900781290708E-002
          183  -1.5526477117785401E-004   1.1588547812676063E-002
          184   3.1061671732532202E-004   1.1791778983532716E-002
          185  -4.3837826456049733E-004   1.1712272003751816E-002
          186  -6.2064521535239148E-004   1.1786021599889694E-002
          187  -6.2286404233493384E-004   1.1783197267744400E-002
          188  -8.3344554144454137E-004   1.1820835567722168E-002
          189   1.6752544923659833E-005   1.1706676966019900E-002
          190   5.3486601930001878E-004   1.1776518997590333E-002
          191  -7.0603797566559450E-004   1.1747013918054385E-002
          192  -5.7830544306072701E-005   1.1684870437737164E-002
          193   1.6121561535702843E-003   1.1737348871005434E-002
          194   9.7173552164836463E-005   1.1826083354215306E-002
          195  -4.9460081454084297E-004   1.1727319770358135E-002
          196  -2.3039708434976269E-004   1.1786290081947893E-002
          197  -6.1301071630553771E-005   1.1742656317494783E-002
          198  -7.9808500101288034E-004   1.1792055393333846E-002
          199  -2.3367961392469291E-004   1.1785319690814042E-002
          200  -5.5825408385656730E-004   1.1663520125686820E-002
          201   4.9835040063376081E-004   1.1747720024175705E-002
          202   2.3030644413829930E-004   1.1786435730714698E-002
          203  -7.3226315586592697E-004   1.1861853381683697E-002
          204  -4.1622358803297606E-004   1.1817562500935578E-002
          205   1.2346224750522832E-003   1.1836837835478824E-002
          206   3.7516835044423266E-004   1.1786667681155697E-002
          207  -5.6613211829940760E-004   1.1807136710196391E-002
          208   1.3366171364650953E-003   1.1839670507627303E-002
          209  -4.5071013900633276E-004   1.1755565195346665E-002
          210  -4.2897470233810932E-004   1.1867123358428879E-002
          211  -2.6560375433260029E-004   1.1693027119485607E-002
          212  -8.8245603378659570E-004   1.1754088921748080E-002
          213  -5.1929766299120756E-004   1.1790467065834169E-002
          214  -3.9259290255190351E-005   1.1743710712084786E-002
          215   3.0860002754951759E-003   1.1815698400021456E-002
          216   8.9184402445658024E-004   1.1714253320232562E-002
          217   4.8587404237690647E-004   1.1901626857112473E-002
          218   1.4217554298878970E-003   1.1881183274244374E-002
          219   8.6656770762612279E-004   1.1711481509794173E-002
          220   4.0591130936251982E-004   1.1701987953740930E-002
          221  -5.8943898538469156E-004   1.1791801956381626E-002
          222  -3.3196993068579893E-004   1.1887014527152356E-002
          223   2.2153151824389630E-004   1.1890527530664701E-002
          224   1.0231616165672770E-004   1.1804108715340218E-002
          225   2.1715791263533508E-003   1.1853691990633184E-002
          226   4.3762182181613727E-005   1.1638854636765148E-002
          227   2.4886427747250692E-006   1.1930262723675799E-002
          228  -3.6488608418652329E-004   1.1716707475794598E-002
          229  -5.2620983929616125E-004   1.1851263382441688E-002
          230   3.9507212035868267E-005   1.1765106395157519E-002
          231  -1.2134332089948229E-004   1.1819214040602757E-002
          232  -2.9482595302324834E-004   1.1674943432347181E-002
          233  -2.2040241925343234E-004   1.1686388685306042E-002
          234   5.7667206320635136E-004   1.1608077068410372E-002
          235  -7.2033321538173250E-004   1.1770106860817951E-002
          236   3.0949799119319300E-004   1.1729590717850452E-002
          237  -5.1210243974639084E-004   1.1730391856449838E-002
          238  -4.0627414436125427E-004   1.1775092441519813E-002
          239  -4.6780861756913012E-004   1.1829376428524914E-002
          240   9.4255941895584664E-005   1.1997681798242711E-002
          241  -1.2958061710380460E-004   1.1770780202725272E-002
          242   2.4052606793298922E-004   1.1757246761072024E-002
          243   6.9258438916851710E-005   1.1786555548025780E-002
          244  -3.2349179257292138E-004   1.1825988743894610E-002
          245   3.6325056951435079E-004   1.1784520316366004E-002
          246  -4.7735850099895314E-004   1.1845360699522186E-002
          247  -2.7935201773489858E-004   1.1862614184247866E-002
          248  -7.4180470534809589E-004   1.1776890975409904E-002
          249   2.4451566860887479E-003   1.1655666554209371E-002
          250  -4.0940235615786238E-004   1.1769546751160466E-002
          251  -6.5799523156694897E-004   1.1722632389617833E-002
          252  -1.8133467313193052E-004   1.1836843712339267E-002
          253   1.4846697725330680E-003   1.1790115504514875E-002
          254   8.3940979010637112E-004   1.1900219959830120E-002
          255   2.9607250804582826E-004   1.1812152850354031E-002
          256   3.1922784941911333E-004   1.1913268694510920E-002
          257   2.2867361647891409E-005   1.1803138337206549E-002
          258   1.5054455795426110E-003   1.1723245199163375E-002
          259  -6.8201311917278696E-004   1.1811277460171866E-002
          260  -1.4040915357119497E-003   1.1694167363862810E-002
          261  -4.9924895425391567E-004   1.1753641214481013E-002
          262   6.1397496983916925E-004   1.1696192160530885E-002
          263   3.1781035550824531E-005   1.1785664733542627E-002
          264  -4.8786320197780829E-004   1.1826589332742663E-002
          265   1.8537277978960523E-004   1.1833868462858714E-002
          266  -9.2818153110282500E-005   1.1832379952907422E-002
          267   6.0836876784749292E-004   1.1862269483909957E-002
          268   2.1896355327074915E-004   1.1823748531731645E-002
          269   3.6838712314035334E-005   1.1734474727439539E-002
          270  -1.2555283335463631E-005   1.1893566380498009E-002
          271  -1.8083501346060363E-004   1.1851710038241356E-002
          272   5.9595883435588847E-004   1.1910373770328726E-002
          273   4.9909568636499432E-004   1.1792336467207266E-002
          274   1.0902076868119150E-003   1.1823353108442042E-002
          275  -3.9604428328399952E-004   1.1770579967275209E-002
          276   9.5601907950672966E-004   1.1886929404817647E-002
          277   2.0892566583775933E-004   1.1794653356639402E-002
          278   3.6850389899523140E-004   1.1895161753011065E-002
          279   5.3184796473967899E-005   1.1705198279265422E-002
          280   4.4195587103770177E-004   1.1840963056443896E-002
          281   1.1006532925463581E-003   1.1806440578306342E-002
          282   7.5858584737248304E-004   1.2003889307515973E-002
          283  -2.2790555724728362E-004   1.1919627123985374E-002
          284  -3.0467936901629932E-004   1.1898043186084785E-002
          285   4.0519029977066016E-004   1.1734784207375417E-002
          286  -1.8477643419278440E-004   1.1729923501443871E-002
          287  -2.1197914953957229E-004   1.1857131582133888E-002
          288  -4.8879803367394452E-004   1.1890062698189601E-002
          289   1.1630524392693864E-003   1.1924349281204116E-002
          290   3.5010880560055731E-004   1.1680857816798701E-002
          291  -1.2758594625908841E-004   1.1853615048252981E-002
          292   5.7184983948032958E-004   1.1840522316660669E-002
          293   1.3108960493887859E-004   1.1807098915885024E-002
          294  -8.7240068842686405E-005   1.1809748104285712E-002
          295  -4.8178990690635014E-004   1.1713573148395421E-002
          296  -2.6437606059459394E-004   1.1766575481479365E-002
          297  -2.2500250086457684E-004   1.1937454947524587E-002
          298   2.0352146272393278E-004   1.1919568073004207E-002
          299   5.9214533926498631E-004   1.1770733608415558E-002
          300   2.2367510623275727E-003   1.1878452073952927E-002
          301  -1.9100395723228999E-004   1.1925534356357299E-002
          302  -5.1793178317073986E-004   1.1812441964402768E-002
          303  -5.8660308410817224E-004   1.1835400047575407E-002
          304  -4.3645788325576216E-004   1.1881708870689662E-002
          305  -1.2696916471659509E-003   1.1680609933541020E-002
          306  -1.2314415051826453E-003   1.1940260445937304E-002
          307  -9.7850556827861119E-004   1.1870124410449847E-002
          308   1.0469302764855903E-004   1.1907680632341473E-002
          309   1.4895067851710226E-003   1.1792538152806288E-002
          310  -4.3085832740469309E-004   1.1849879073281029E-002
          311  -1.0279135476198740E-003   1.1718595661309332E-002
          312  -6.0429065469928302E-004   1.1754018522185583E-002
          313   3.0994623016138687E-004   1.1689451475357431E-002
          314  -6.1333424249143133E-004   1.1556901462110115E-002
          315  -3.6934236466658012E-004   1.1908722904652124E-002
          316  -2.9129139910522353E-004   1.1979382896318273E-002
          317   8.8903505086002468E-005   1.1984772896442812E-002
          318  -4.0974367494176411E-005   1.1875418183578654E-002
          319  -6.9674235396049186E-004   1.1874076346428567E-002
          320  -2.1327560390621970E-004   1.1873925886775702E-002
          321  -2.1938770178004765E-004   1.1828705936799697E-002
          322   1.8370031719403353E-003   1.1724597234085211E-002
          323   2.2038881590435671E-004   1.1749860784610624E-002
          324   2.5124183934936646E-004   1.1858118192569805E-002
          325  -5.9296228747516514E-004   1.1937483951059842E-002
          326  -2.3766454101983303E-004   1.1801520884880321E-002
          327   6.9476802892653121E-004   1.1728618792117231E-002
          328   8.3038223193480557E-005   1.1761279933784674E-002
          329  -4.2277251486679999E-004   1.1822703491142571E-002
          330   4.2383491597253376E-004   1.1815586833592731E-002
          331   1.3583852810156449E-003   1.1907710569794956E-002
          332   1.4175881981555079E-003   1.1912772615808625E-002
          333  -1.0329222118278826E-003   1.1874487348417492E-002
          334  -6.6602552323061345E-004   1.1869609709211745E-002
          335  -9.8628431356869540E-005   1.1931233722729645E-002
          336  -3.8308549619040546E-004   1.1895431955267094E-002
          337  -8.2328397150413339E-004   1.1867976655748864E-002
          338  -1.5853757077037071E-004   1.1863672917856465E-002
          339  -6.3616045868927209E-004   1.1804587220444519E-002
          340  -4.1799522405174374E-004   1.1867975992440624E-002
          341   4.4042058288609791E-004   1.1815823187749389E-002
          342  -2.3987071040323650E-004   1.1961710667622392E-002
          343   1.4817696131435505E-004   1.1885813851854041E-002
          344   8.0283801161828581E-004   1.1690205326403006E-002
          345   9.5462877682153668E-005   1.1934251972122247E-002
          346  -4.9740582712116369E-004   1.1910235855818758E-002
          347  -1.1175224784083502E-003   1.1811725032170360E-002
          348  -8.1956160034889636E-004   1.1765023463971283E-002
          349  -2.0218518834685357E-004   1.1887414840050042E-002
          350   3.6984546234410695E-004   1.1877459316492683E-002
          351  -7.2572893960814100E-004   1.1920169067632668E-002
          352  -1.0074349567399409E-003   1.1836029439621931E-002
          353   2.0506073185334723E-002   1.1997615522251592E-002
          354   5.2960534233936329E-004   1.1733582834381921E-002
          355  -1.3267755177641684E-003   1.1890961248402476E-002
          356  -1.0089849874333479E-003   1.1923978295234850E-002
          357  -4.0809773108024268E-004   1.1744459841031429E-002
          358   5.1576546951339632E-004   1.1879629486009728E-002
          359   1.4718173998296862E-004   1.1830079868787369E-002
          360  -4.7751765374953801E-004   1.1939031998946867E-002
          361  -6.7295573070575462E-004   1.1604770312502280E-002
          362  -3.7515633636430189E-004   1.1727857641192864E-002
          363  -2.9909731430603216E-005   1.1829884386744790E-002
          364  -1.8950958172006351E-005   1.1818222744773338E-002
          365  -6.4752939759879654E-004   1.1857258089863288E-002
          366  -6.3805735503289559E-004   1.1794324753711944E-002
          367  -1.2507175503488258E-004   1.1866705318054799E-002
          368  -6.9023444231224495E-006   1.1955722591765671E-002
          369  -3.1617653840119032E-004   1.1793139346799830E-002
          370  -7.9597583219693233E-004   1.1802984763771651E-002
          371   1.1757671913311311E-003   1.1819625498544621E-002
          372  -2.0432620575199271E-004   1.1772205227670156E-002
          373   5.8710650702974913E-004   1.1883027391551193E-002
          374   4.0717444549281213E-004   1.2043215492183465E-002
          375  -5.0865600029842688E-004   1.1809943487408700E-002
          376  -4.2886650926635117E-004   1.2216848808381815E-002
          377   1.0740369538992005E-003   1.1832738519779782E-002
          378  -5.4099018414071882E-004   1.1769889561764463E-002
          379  -5.5174549965535309E-004   1.1878242187132657E-002
          380   6.4535072618695740E-004   1.1913969050867902E-002
          381  -7.2674059298600267E-004   1.1853367756973675E-002
          382  -5.2294940020707742E-004   1.1917828815277105E-002
          383  -1.0495189639041416E-003   1.1866369051769673E-002
          384  -4.4369262549259552E-004   1.1789545827633618E-002
          385   1.5963316329809741E-004   1.1901413043178585E-002
          386   3.4951919337221550E-004   1.1888035614127776E-002
          387  -4.6065353079571792E-004   1.1816558952832637E-002
          388  -8.9974975908808485E-004   1.1746712150303212E-002
          389   1.1903380890853745E-004   1.1818982443679203E-002
          390  -4.2418549224222538E-004   1.1640711979226585E-002
          391   9.6207448854533206E-004   1.1766253652420349E-002
          392   5.2337961515969123E-004   1.1870899592838104E-002
          393  -4.0517797501334025E-004   1.1907977132877983E-002
          394   4.4412416311432701E-004   1.1874827670702724E-002
          395   9.5312698455549344E-004   1.1829919006571368E-002
          396   5.3653680287656482E-004   1.1776372342462094E-002
          397   5.1197741306735164E-004   1.1935081376007801E-002
          398  -3.5512243045856883E-004   1.2199663393987826E-002
          399  -5.6488160522812092E-004   1.1886900126145291E-002
          400  -3.2130535440849271E-004   1.1897331129103005E-002
          401  -1.0654589452989949E-003   1.1911802361519503E-002
          402  -1.2469728509931894E-004   1.1813676258140577E-002
          403   2.9747956130464277E-005   1.1779094348594527E-002
          404  -3.0008655945019575E-005   1.1845162063591250E-002
          405  -7.5466750826798433E-004   1.1827236322809260E-002
          406  -5.7792906357969449E-004   1.1785532600330889E-002
          407  -4.2457678105131344E-004   1.2032335344491139E-002
          408  -7.8836697264230023E-004   1.2132874010686868E-002
          409  -5.5471525121622263E-004   1.1919875655791452E-002
          410   3.6645367043264161E-003   1.1924585802641474E-002
          411  -3.3800416312218599E-004   1.1824859797584721E-002
          412  -5.1838564170378119E-005   1.2153431517949426E-002
          413   8.4471957018672031E-005   1.1806580811226956E-002
          414  -1.3630394227535857E-004   1.1892372541887188E-002
          415   3.6883596046487096E-003   1.1848153023764293E-002
          416   1.0500190833229602E-003   1.1817133430738426E-002
          417   2.0939382166875299E-003   1.1907497160403357E-002
          418  -6.0916338686065063E-004   1.1799302742074424E-002
          419  -7.7139724691783183E-004   1.1877298923304561E-002
          420  -9.1227697155319397E-004   1.1842499875441283E-002
          421  -7.9851031062726989E-004   1.1930163832402609E-002
          422  -3.8504826625864391E-004   1.2022966114978512E-002
          423  -1.6163384349843004E-004   1.1830038052700118E-002
          424  -1.2249601592097654E-003   1.1805763241777668E-002
          425  -1.4054464018607624E-003   1.1826699822148156E-002
          426  -5.2405083492359074E-004   1.1813874816340596E-002
          427  -8.6977690374103898E-004   1.1976471460159125E-002
          428  -2.7570091377982821E-004   1.2132063229241319E-002
          429  -1.1025914706681488E-003   1.1980266360628666E-002
          430  -1.4404294185048740E-004   1.1868396116485146E-002
          431   2.2242808393084905E-004   1.1972668023902814E-002
          432   1.8235495327694224E-004   1.1797751064237956E-002
          433   4.1808224096448997E-004   1.1933489923067739E-002
          434   8.0025068596765306E-005   1.1904452137117487E-002
          435  -2.5248293457346858E-004   1.2106991026850859E-002
          436   1.4664964318799778E-006   1.1917287955660834E-002
          437  -3.2844414626225958E-004   1.1917094958458810E-002
          438  -3.4563368993475622E-004   1.1808304687961062E-002
          439  -5.8806086821729206E-004   1.1961779736615476E-002
          440   1.3178561661863555E-003   1.1808748495351700E-002
          441   3.5553810795302431E-004   1.1836412638855503E-002
          442   5.2763001293315321E-004   1.1823039078341436E-002
          443  -1.8918614277704863E-004   1.1731464866387736E-002
          444  -1.6518187167844319E-004   1.1912549038246010E-002
          445  -1.2242435831622195E-005   1.1796062660427327E-002
          446   5.9310841816981587E-005   1.2213955929731271E-002
          447   3.6455122784406725E-004   1.2126297639902211E-002
          448  -2.1913794356619870E-004   1.2122846995624475E-002
          449  -1.0939711753772988E-004   1.1780563412309623E-002
          450  -4.8602502938730141E-004   1.1969200391962666E-002
          451  -3.6976747570816563E-004   1.1949165782147506E-002
          452   3.1469540662796219E-004   1.1851214865837591E-002
          453  -3.4653289193388594E-004   1.1898182759431414E-002
          454  -6.6815227758548225E-004   1.1859809337447675E-002
          455   3.8873556891876320E-004   1.1818186399296816E-002
          456   1.0065296944377145E-003   1.1849717005831883E-002
          457   2.1456098532892078E-004   1.1886781163281363E-002
          458   2.4563173202971604E-004   1.2018572455532521E-002
          459   3.6913020602212418E-004   1.1980104280279262E-002
          460   7.9841448455114498E-004   1.1782296498848715E-002
          461   1.4419958115929278E-003   1.1945920748030889E-002
          462   1.6102553228118522E-003   1.1851337012169453E-002
          463  -6.7345537377745505E-004   1.1816513923060191E-002
          464  -5.6297423775469933E-004   1.1784489133829458E-002
          465   2.7052378698486368E-003   1.1874710654804223E-002
          466  -9.4181101665095153E-004   1.1818339139261705E-002
          467  -4.9230953104213520E-004   1.1753993813713155E-002
          468   2.4696079015379266E-004   1.1774051202642655E-002
          469   3.9470392720706768E-004   1.1890574164555882E-002
          470   2.3653673850002180E-004   1.2118159470535687E-002
          471   9.4698167527988231E-004   1.1914924842246242E-002
          472  -6.5860905090440005E-004   1.2202248308006085E-002
          473   4.5416205963134010E-004   1.2128701355130177E-002
          474  -1.1690569775297399E-004   1.1796927101755389E-002
          475  -6.6145773826251498E-004   1.1803064252831069E-002
          476  -5.2225102196577951E-004   1.1945371125558539E-002
          477  -1.5425712133719998E-004   1.1784747520057967E-002
          478   5.0761858579390182E-004   1.1825302121840135E-002
          479  -8.6896602451869292E-005   1.1933407450696359E-002
          480  -4.3390045038636669E-004   1.2034179729562810E-002
          481  -5.7629138134151754E-004   1.2018645837335125E-002
          482  -6.9176441675405334E-004   1.1848465492516939E-002
          483  -9.0254476867664265E-004   1.1883439596047585E-002
          484  -2.9442640839237386E-005   1.2109018380104277E-002
          485  -2.6588876232016358E-004   1.2056284050166496E-002
          486  -5.1255345020293397E-004   1.1761075046977728E-002
          487  -3.6892974817922955E-004   1.1748367528310370E-002
          488  -6.9750713032436533E-004   1.1761282202338968E-002
          489  -1.0029010155032157E-003   1.1837667522999229E-002
          490   1.6138846008512274E-004   1.1889857186264299E-002
          491   3.1072719432858674E-003   1.1749028680607475E-002
          492  -3.3451684528774261E-004   1.2070737614114167E-002
          493  -3.0828315787802501E-004   1.2133308810532697E-002
          494   1.4066720774219926E-004   1.2117742823702699E-002
          495  -6.6388738867786772E-004   1.1865246321375164E-002
          496  -3.1115042319567973E-004   1.1956150511939802E-002
          497  -6.6068406542048742E-004   1.1960927203363695E-002
          498   5.8833397354790963E-004   1.1713592333811930E-002
          499  -5.3370817213798381E-004   1.2038922439466214E-002
          500  -4.1071468810923437E-004   1.2052858923745297E-002
