     0.0000000        1.93634954        0.00036132
     0.1000000        1.07678561        0.00121750
     0.2000000        0.61501477        0.00261098
     0.3000000        0.35178043        0.00261298
     0.4000000        0.20314575        0.00477233
     0.5000000        0.12179972        0.00126924
     0.6000000        0.07415788        0.00246952
     0.7000000        0.04303970        0.00272920
     0.8000000        0.02479346        0.00647111
     0.9000000        0.01579052        0.00293653
     1.0000000        0.00608093        0.00033746
     1.1000000        0.00841788        0.00023590
     1.2000000        0.00256745        0.00075090
     1.3000000        0.00305810        0.00162763
     1.4000000        0.00439672        0.00008232
     1.5000000        0.00028852        0.00426536
     1.6000000        0.00200124        0.00643655
     1.7000000        0.00184407        0.00234650
     1.8000000       -0.00071474        0.00227757
     1.9000000        0.00069708        0.00322851
     2.0000000        0.00304978        0.00279591
     2.1000000        0.00228515        0.00168185
     2.2000000        0.00010047        0.00024203
     2.3000000       -0.00108128        0.00228085
     2.4000000       -0.00048017        0.00113647
     2.5000000        0.00111401        0.00017911
     2.6000000       -0.00064742        0.00070423
     2.7000000        0.00052599        0.00049638
     2.8000000       -0.00108840        0.00343154
     2.9000000        0.00107698        0.00180837
     3.0000000        0.00092733        0.00004465
     3.1000000        0.00308327        0.00011962
     3.2000000       -0.00017292        0.00018729
     3.3000000       -0.00105907        0.00247620
     3.4000000       -0.00165474        0.00131277
     3.5000000       -0.00009310        0.00175685
     3.6000000       -0.00004896        0.00234751
     3.7000000       -0.00042071        0.00087224
     3.8000000        0.00093601        0.00023463
     3.9000000        0.00218198        0.00159839
     4.0000000        0.00238348        0.00256783
     4.1000000        0.00051084        0.00092692
     4.2000000       -0.00036633        0.00061739
     4.3000000        0.00001046        0.00315182
     4.4000000       -0.00123686        0.00229240
     4.5000000       -0.00175667        0.00034836
     4.6000000       -0.00208437        0.00161724
     4.7000000       -0.00207204        0.00317488
     4.8000000       -0.00138451        0.00444101
     4.9000000       -0.00072210        0.00278117
     5.0000000       -0.00038380        0.00226820
     5.1000000       -0.00190127        0.00031242
     5.2000000       -0.00067882        0.00080008
     5.3000000       -0.00112308        0.00025830
     5.4000000       -0.00271258        0.00459378
     5.5000000        0.00154393        0.00227521
     5.6000000        0.00080882        0.00266586
     5.7000000       -0.00129688        0.00230338
     5.8000000        0.00048761        0.00119555
     5.9000000       -0.00041712        0.00067932
     6.0000000       -0.00054258        0.00098918
     6.1000000        0.00155529        0.00106415
     6.2000000        0.00273254        0.00201294
     6.3000000        0.00125459        0.00168914
     6.4000000        0.00197845        0.00171996
     6.5000000       -0.00006716        0.00181271
     6.6000000        0.00012259        0.00036660
     6.7000000       -0.00005515        0.00047678
     6.8000000       -0.00008518        0.00208565
     6.9000000       -0.00152127        0.00298975
     7.0000000       -0.00183901        0.00167096
     7.1000000        0.00043024        0.00304023
     7.2000000        0.00095708        0.00143394
     7.3000000       -0.00172310        0.00129253
     7.4000000       -0.00131633        0.00174415
     7.5000000       -0.00044287        0.00042741
     7.6000000       -0.00075418        0.00372047
     7.7000000       -0.00282449        0.00341259
     7.8000000       -0.00439495        0.00017574
     7.9000000       -0.00194077        0.00066183
     8.0000000       -0.00018710        0.00300954
     8.1000000        0.00208232        0.00285628
     8.2000000       -0.00033411        0.00135566
     8.3000000       -0.00099684        0.00002821
     8.4000000       -0.00118513        0.00354431
     8.5000000        0.00099196        0.00004079
     8.6000000       -0.00207003        0.00189480
     8.7000000       -0.00142953        0.00014827
     8.8000000       -0.00123163        0.00244602
     8.9000000       -0.00216145        0.00081230
     9.0000000       -0.00077226        0.00242907
     9.1000000        0.00046802        0.00316050
     9.2000000       -0.00005849        0.00449292
     9.3000000        0.00233622        0.00393488
     9.4000000        0.00359867        0.00290184
     9.5000000        0.00578332        0.00212747
     9.6000000        0.01113200        0.00018802
     9.7000000        0.01324148        0.00353329
     9.8000000        0.02010634        0.00096906
     9.9000000        0.03099466        0.00741446
    10.0000000        0.06365046        0.00036132
