     0.0000000        1.31999627        0.03477005
     0.1000000        1.09491182        0.03200407
     0.2000000        0.91904105        0.02935687
     0.3000000        0.77797851        0.02889904
     0.4000000        0.66326796        0.02750820
     0.5000000        0.56694468        0.02499021
     0.6000000        0.48717408        0.02438916
     0.7000000        0.42288995        0.02380766
     0.8000000        0.36900574        0.02331487
     0.9000000        0.32303170        0.02310800
     1.0000000        0.28001542        0.01926093
     1.1000000        0.24592318        0.02077504
     1.2000000        0.21597675        0.02160183
     1.3000000        0.18824850        0.01988550
     1.4000000        0.16713571        0.01987668
     1.5000000        0.14879097        0.02051918
     1.6000000        0.13342576        0.02091241
     1.7000000        0.11843158        0.02136525
     1.8000000        0.10315074        0.01882815
     1.9000000        0.08877665        0.01323263
     2.0000000        0.07599860        0.00909962
     2.1000000        0.06491846        0.00689282
     2.2000000        0.05515598        0.00623443
     2.3000000        0.04813089        0.00452907
     2.4000000        0.04258085        0.00424621
     2.5000000        0.03884030        0.00506559
     2.6000000        0.03509785        0.00564089
     2.7000000        0.03174515        0.00660390
     2.8000000        0.02760003        0.00567437
     2.9000000        0.02496283        0.00637371
     3.0000000        0.02386910        0.00511505
     3.1000000        0.02290938        0.00548694
     3.2000000        0.02302213        0.00504807
     3.3000000        0.01961864        0.00221298
     3.4000000        0.01641477        0.00061879
     3.5000000        0.01388827        0.00010677
     3.6000000        0.01276024        0.00144510
     3.7000000        0.01394607        0.00582881
     3.8000000        0.01394051        0.00921526
     3.9000000        0.01291043        0.00951986
     4.0000000        0.01289844        0.01086126
     4.1000000        0.01182418        0.01116801
     4.2000000        0.00958217        0.01258721
     4.3000000        0.00854106        0.01411318
     4.4000000        0.00944150        0.01713542
     4.5000000        0.01063487        0.01947579
     4.6000000        0.01181226        0.02178545
     4.7000000        0.01224278        0.02228380
     4.8000000        0.01283942        0.02154890
     4.9000000        0.01331671        0.02274924
     5.0000000        0.01527681        0.02473224
     5.1000000        0.01590702        0.02334989
     5.2000000        0.01582209        0.02184396
     5.3000000        0.01451627        0.02041920
     5.4000000        0.00982339        0.01440891
     5.5000000        0.00613675        0.00890280
     5.6000000        0.00421135        0.00666500
     5.7000000        0.00212982        0.00510427
     5.8000000        0.00230697        0.00426651
     5.9000000        0.00355946        0.00501626
     6.0000000        0.00336219        0.00374410
     6.1000000        0.00297460        0.00341819
     6.2000000        0.00510509        0.00606118
     6.3000000        0.00733598        0.00873251
     6.4000000        0.00997041        0.01283235
     6.5000000        0.01341412        0.01655570
     6.6000000        0.01637201        0.01810123
     6.7000000        0.01933418        0.01899582
     6.8000000        0.02126030        0.01705876
     6.9000000        0.02136499        0.01204289
     7.0000000        0.02453332        0.01059159
     7.1000000        0.02600193        0.00768340
     7.2000000        0.02978913        0.00563921
     7.3000000        0.03204458        0.00292757
     7.4000000        0.03531400        0.00369093
     7.5000000        0.03708398        0.00022284
     7.6000000        0.04112870        0.00035682
     7.7000000        0.04626235        0.00072511
     7.8000000        0.05114759        0.00147454
     7.9000000        0.05561491        0.00449966
     8.0000000        0.06170485        0.00721617
     8.1000000        0.07096983        0.00795081
     8.2000000        0.08594835        0.00308418
     8.3000000        0.10443309        0.00538257
     8.4000000        0.12443841        0.01251123
     8.5000000        0.14679991        0.01802730
     8.6000000        0.16938744        0.02162167
     8.7000000        0.19560990        0.02703688
     8.8000000        0.22016880        0.02647429
     8.9000000        0.25063245        0.03075082
     9.0000000        0.28447130        0.03300861
     9.1000000        0.32664124        0.03960966
     9.2000000        0.37369677        0.04190288
     9.3000000        0.42569937        0.04070949
     9.4000000        0.49136033        0.04207151
     9.5000000        0.56935985        0.04345893
     9.6000000        0.66538623        0.04724276
     9.7000000        0.78255678        0.04846858
     9.8000000        0.92457199        0.04729487
     9.9000000        1.09702684        0.03936117
    10.0000000        1.31999627        0.03477005
