     0.0000000        0.14582788        0.00282644
     0.1000000        0.10071977        0.00269256
     0.2000000        0.07130402        0.00216176
     0.3000000        0.05077048        0.00184302
     0.4000000        0.03629048        0.00230517
     0.5000000        0.02834880        0.00275949
     0.6000000        0.02377423        0.00267884
     0.7000000        0.02058995        0.00265332
     0.8000000        0.01605309        0.00209696
     0.9000000        0.01011731        0.00229577
     1.0000000        0.00649711        0.00229297
     1.1000000        0.00625004        0.00201306
     1.2000000        0.00632104        0.00199669
     1.3000000        0.00452138        0.00248633
     1.4000000        0.00349652        0.00254544
     1.5000000       -0.00021027        0.00218541
     1.6000000        0.00202739        0.00225826
     1.7000000        0.00200149        0.00287526
     1.8000000        0.00151036        0.00330628
     1.9000000        0.00179667        0.00300892
     2.0000000        0.00204060        0.00243531
     2.1000000        0.00103747        0.00228641
     2.2000000        0.00247050        0.00243638
     2.3000000        0.00266249        0.00220358
     2.4000000        0.00192141        0.00253058
     2.5000000        0.00378297        0.00270247
     2.6000000        0.00171329        0.00299194
     2.7000000        0.00027658        0.00282414
     2.8000000       -0.00098695        0.00286546
     2.9000000       -0.00037262        0.00335975
     3.0000000        0.00302698        0.00283857
     3.1000000        0.00011571        0.00270731
     3.2000000       -0.00043708        0.00288825
     3.3000000       -0.00219685        0.00302829
     3.4000000       -0.00197374        0.00349463
     3.5000000        0.00048979        0.00353972
     3.6000000       -0.00101971        0.00264017
     3.7000000       -0.00240433        0.00279166
     3.8000000       -0.00087044        0.00308931
     3.9000000        0.00059772        0.00269412
     4.0000000        0.00086861        0.00246241
     4.1000000        0.00142438        0.00310763
     4.2000000        0.00126849        0.00272036
     4.3000000        0.00150540        0.00309162
     4.4000000        0.00190716        0.00288705
     4.5000000        0.00369778        0.00276197
     4.6000000        0.00480107        0.00234930
     4.7000000        0.00302004        0.00220154
     4.8000000        0.00300448        0.00249844
     4.9000000        0.00250922        0.00293294
     5.0000000        0.00292510        0.00259173
     5.1000000        0.00324646        0.00310682
     5.2000000        0.00394438        0.00269105
     5.3000000        0.00288037        0.00269259
     5.4000000        0.00555902        0.00279973
     5.5000000        0.00522934        0.00294295
     5.6000000        0.00380233        0.00283250
     5.7000000        0.00126127        0.00270865
     5.8000000       -0.00018686        0.00279385
     5.9000000        0.00073352        0.00258784
     6.0000000        0.00308941        0.00314078
     6.1000000        0.00334021        0.00281031
     6.2000000        0.00291856        0.00182975
     6.3000000        0.00183572        0.00215368
     6.4000000        0.00132144        0.00236917
     6.5000000        0.00298312        0.00231715
     6.6000000        0.00194863        0.00245831
     6.7000000        0.00142667        0.00241963
     6.8000000        0.00267989        0.00240188
     6.9000000        0.00412020        0.00266321
     7.0000000        0.00695901        0.00278828
     7.1000000        0.00762279        0.00305281
     7.2000000        0.00861272        0.00306156
     7.3000000        0.00990901        0.00264947
     7.4000000        0.01271030        0.00148232
     7.5000000        0.01387316        0.00189345
     7.6000000        0.01486928        0.00279221
     7.7000000        0.01799833        0.00268688
     7.8000000        0.02055223        0.00276779
     7.9000000        0.02390363        0.00312638
     8.0000000        0.02738279        0.00353929
     8.1000000        0.03370701        0.00347946
     8.2000000        0.04278113        0.00312613
     8.3000000        0.04966382        0.00291637
     8.4000000        0.06061389        0.00360479
     8.5000000        0.07453825        0.00306554
     8.6000000        0.09035364        0.00308644
     8.7000000        0.10885099        0.00296189
     8.8000000        0.13488706        0.00233395
     8.9000000        0.16584769        0.00279741
     9.0000000        0.20376456        0.00228459
     9.1000000        0.25109586        0.00337311
     9.2000000        0.31050208        0.00269415
     9.3000000        0.38294912        0.00323002
     9.4000000        0.47232107        0.00346610
     9.5000000        0.58621088        0.00345154
     9.6000000        0.72384376        0.00300906
     9.7000000        0.90784110        0.00302655
     9.8000000        1.14215511        0.00275836
     9.9000000        1.45054173        0.00276402
    10.0000000        1.85417212        0.00282644
