     0.0000000        0.16380659        0.00727668
     0.1000000        0.11143396        0.00667155
     0.2000000        0.07633076        0.00627602
     0.3000000        0.05263400        0.00562840
     0.4000000        0.03687743        0.00518915
     0.5000000        0.02577687        0.00479338
     0.6000000        0.01775326        0.00458358
     0.7000000        0.01217015        0.00482314
     0.8000000        0.00901797        0.00434068
     0.9000000        0.00614607        0.00429116
     1.0000000        0.00435650        0.00419255
     1.1000000        0.00255034        0.00405827
     1.2000000        0.00158025        0.00404040
     1.3000000        0.00221971        0.00380013
     1.4000000        0.00232645        0.00415176
     1.5000000        0.00172078        0.00398223
     1.6000000        0.00220998        0.00351628
     1.7000000        0.00212563        0.00311133
     1.8000000        0.00243299        0.00274586
     1.9000000        0.00234439        0.00248721
     2.0000000        0.00174392        0.00242371
     2.1000000        0.00150058        0.00244496
     2.2000000        0.00118987        0.00256007
     2.3000000        0.00050098        0.00246211
     2.4000000       -0.00015585        0.00229746
     2.5000000       -0.00128349        0.00207744
     2.6000000       -0.00100602        0.00203284
     2.7000000       -0.00073311        0.00200934
     2.8000000       -0.00097636        0.00182348
     2.9000000       -0.00085065        0.00170555
     3.0000000       -0.00045832        0.00160946
     3.1000000       -0.00025350        0.00167875
     3.2000000       -0.00031256        0.00179081
     3.3000000       -0.00033341        0.00186660
     3.4000000        0.00033488        0.00196250
     3.5000000        0.00029449        0.00223271
     3.6000000        0.00039037        0.00224021
     3.7000000        0.00076133        0.00222106
     3.8000000        0.00089183        0.00220578
     3.9000000        0.00156671        0.00216992
     4.0000000        0.00131235        0.00216715
     4.1000000        0.00203330        0.00237921
     4.2000000        0.00273077        0.00257137
     4.3000000        0.00290709        0.00272893
     4.4000000        0.00274595        0.00253475
     4.5000000        0.00199815        0.00256187
     4.6000000        0.00212837        0.00244586
     4.7000000        0.00260584        0.00245955
     4.8000000        0.00324951        0.00257215
     4.9000000        0.00328533        0.00244199
     5.0000000        0.00306925        0.00235575
     5.1000000        0.00211015        0.00234131
     5.2000000        0.00151510        0.00246869
     5.3000000        0.00144104        0.00251608
     5.4000000        0.00145697        0.00232242
     5.5000000        0.00169494        0.00221011
     5.6000000        0.00250161        0.00201956
     5.7000000        0.00271990        0.00183092
     5.8000000        0.00264085        0.00179086
     5.9000000        0.00181267        0.00172286
     6.0000000        0.00076261        0.00162849
     6.1000000        0.00008305        0.00142889
     6.2000000       -0.00032078        0.00134188
     6.3000000       -0.00062393        0.00128717
     6.4000000       -0.00032275        0.00145096
     6.5000000       -0.00039276        0.00156151
     6.6000000       -0.00023068        0.00166371
     6.7000000       -0.00015162        0.00162306
     6.8000000       -0.00049546        0.00155946
     6.9000000       -0.00160284        0.00160624
     7.0000000       -0.00260840        0.00182585
     7.1000000       -0.00308834        0.00192851
     7.2000000       -0.00367529        0.00199585
     7.3000000       -0.00411640        0.00212732
     7.4000000       -0.00442814        0.00245579
     7.5000000       -0.00395172        0.00278669
     7.6000000       -0.00412288        0.00303236
     7.7000000       -0.00345679        0.00313805
     7.8000000       -0.00218392        0.00306662
     7.9000000       -0.00114699        0.00321220
     8.0000000       -0.00018570        0.00322326
     8.1000000        0.00039217        0.00318282
     8.2000000        0.00060795        0.00302475
     8.3000000       -0.00018153        0.00282805
     8.4000000        0.00032594        0.00259616
     8.5000000        0.00093612        0.00225798
     8.6000000        0.00181595        0.00224674
     8.7000000        0.00209452        0.00242335
     8.8000000        0.00236618        0.00253385
     8.9000000        0.00283301        0.00267715
     9.0000000        0.00378046        0.00299159
     9.1000000        0.00571943        0.00327611
     9.2000000        0.00806143        0.00355919
     9.3000000        0.01183299        0.00414978
     9.4000000        0.01772866        0.00418208
     9.5000000        0.02537082        0.00486144
     9.6000000        0.03612611        0.00569901
     9.7000000        0.05179398        0.00687496
     9.8000000        0.07573083        0.00759064
     9.9000000        0.11088896        0.00765862
    10.0000000        0.16380659        0.00727668
