     0.0000000        0.15873149        0.01060334
     0.1000000        0.11102180        0.00590235
     0.2000000        0.07748219        0.00223484
     0.3000000        0.05594827        0.00215266
     0.4000000        0.03825935        0.00249680
     0.5000000        0.03295245        0.00693252
     0.6000000        0.02174107        0.00023608
     0.7000000        0.01792279        0.00118865
     0.8000000        0.00865491        0.00014752
     0.9000000        0.00689689        0.00368006
     1.0000000        0.00077830        0.00463443
     1.1000000        0.00172087        0.00021585
     1.2000000        0.00402251        0.00072769
     1.3000000        0.00247641        0.00044735
     1.4000000        0.00351425        0.00222258
     1.5000000        0.00606845        0.01105764
     1.6000000        0.00409297        0.01062767
     1.7000000        0.00594543        0.01306222
     1.8000000        0.00533023        0.01166841
     1.9000000       -0.00276304        0.01140047
     2.0000000       -0.00295928        0.00943898
     2.1000000       -0.00306994        0.00000440
     2.2000000       -0.00184639        0.00389419
     2.3000000       -0.00008655        0.00218201
     2.4000000        0.00030882        0.00299462
     2.5000000        0.00087283        0.00822048
     2.6000000        0.00193314        0.00372178
     2.7000000        0.00107099        0.00236554
     2.8000000        0.00291660        0.00097785
     2.9000000       -0.00173047        0.00047264
     3.0000000       -0.00103821        0.00003067
     3.1000000        0.00019069        0.00273361
     3.2000000       -0.00066720        0.00123781
     3.3000000        0.00218135        0.00431594
     3.4000000        0.00287950        0.00260347
     3.5000000        0.00261097        0.00214436
     3.6000000        0.00337482        0.00346768
     3.7000000        0.00382365        0.00324728
     3.8000000        0.00423707        0.00226214
     3.9000000        0.00387765        0.00411515
     4.0000000        0.00145318        0.00482190
     4.1000000        0.00285441        0.00364527
     4.2000000        0.00172579        0.00367387
     4.3000000        0.00117027        0.00627377
     4.4000000       -0.00112235        0.00007561
     4.5000000       -0.00092936        0.00181732
     4.6000000        0.00015670        0.00376134
     4.7000000       -0.00028666        0.00022166
     4.8000000        0.00048464        0.00311240
     4.9000000        0.00283066        0.00433236
     5.0000000        0.00147371        0.00308225
     5.1000000       -0.00139470        0.00071048
     5.2000000       -0.00185675        0.00342670
     5.3000000        0.00044514        0.00723660
     5.4000000        0.00171830        0.00324496
     5.5000000        0.00233696        0.00242842
     5.6000000       -0.00013823        0.00181585
     5.7000000       -0.00002864        0.00118717
     5.8000000       -0.00294825        0.00089405
     5.9000000       -0.00222992        0.00543011
     6.0000000       -0.00454229        0.00713451
     6.1000000       -0.00261805        0.00609780
     6.2000000       -0.00021534        0.01006657
     6.3000000       -0.00056761        0.00888345
     6.4000000       -0.00224831        0.00873590
     6.5000000        0.00172630        0.01137918
     6.6000000       -0.00129430        0.00593524
     6.7000000        0.00123731        0.00992443
     6.8000000        0.00254702        0.00048232
     6.9000000       -0.00135239        0.00476126
     7.0000000        0.00047869        0.00308796
     7.1000000       -0.00357127        0.00208634
     7.2000000        0.00366052        0.00246077
     7.3000000        0.00249094        0.00379098
     7.4000000        0.00415398        0.00577320
     7.5000000        0.00261738        0.00140636
     7.6000000        0.00426030        0.00322595
     7.7000000        0.00109536        0.00270233
     7.8000000        0.00082113        0.00309636
     7.9000000        0.00700745        0.00142261
     8.0000000        0.01028548        0.00356051
     8.1000000        0.00814150        0.00190617
     8.2000000        0.01117765        0.00561509
     8.3000000        0.01451311        0.00073382
     8.4000000        0.01781591        0.00036526
     8.5000000        0.02361220        0.00625497
     8.6000000        0.03497675        0.00442315
     8.7000000        0.04810126        0.01277372
     8.8000000        0.05923416        0.01191557
     8.9000000        0.08073553        0.00887035
     9.0000000        0.10525994        0.00334967
     9.1000000        0.13419391        0.00378021
     9.2000000        0.17856120        0.00050646
     9.3000000        0.23735654        0.00038215
     9.4000000        0.30432180        0.00371513
     9.5000000        0.40480262        0.00384616
     9.6000000        0.53512052        0.00368854
     9.7000000        0.71956441        0.00730778
     9.8000000        0.97391250        0.00611773
     9.9000000        1.32642315        0.00739232
    10.0000000        1.84126851        0.01060334
