     0.0000000        3.43997694        0.07061880
     0.1000000        3.21529182        0.06815557
     0.2000000        3.06080063        0.06821418
     0.3000000        2.95053500        0.06904174
     0.4000000        2.85870473        0.06728699
     0.5000000        2.79252659        0.06806453
     0.6000000        2.73703661        0.06922086
     0.7000000        2.69135470        0.07116631
     0.8000000        2.65190874        0.07636498
     0.9000000        2.62650458        0.08207057
     1.0000000        2.60460129        0.08665410
     1.1000000        2.57100791        0.08308142
     1.2000000        2.53402236        0.07680715
     1.3000000        2.49734696        0.07105967
     1.4000000        2.45745416        0.06471779
     1.5000000        2.43022596        0.06404063
     1.6000000        2.39583185        0.06151514
     1.7000000        2.36819018        0.06049955
     1.8000000        2.34386103        0.06142552
     1.9000000        2.32209546        0.06142570
     2.0000000        2.30197398        0.06244376
     2.1000000        2.27265040        0.05605152
     2.2000000        2.24412491        0.05133300
     2.3000000        2.21646014        0.04763105
     2.4000000        2.19037654        0.04533505
     2.5000000        2.17307895        0.04621084
     2.6000000        2.16187565        0.05101431
     2.7000000        2.15005720        0.05335540
     2.8000000        2.13655269        0.05421645
     2.9000000        2.12063482        0.05153157
     3.0000000        2.11019464        0.05365855
     3.1000000        2.09796092        0.05633015
     3.2000000        2.08575799        0.05994830
     3.3000000        2.07461356        0.06157468
     3.4000000        2.06333503        0.06327938
     3.5000000        2.05432887        0.06175122
     3.6000000        2.05453071        0.06599892
     3.7000000        2.04694275        0.06605432
     3.8000000        2.04156941        0.06577484
     3.9000000        2.03848101        0.06740939
     4.0000000        2.03386770        0.06504234
     4.1000000        2.03046272        0.06514986
     4.2000000        2.03240622        0.06580999
     4.3000000        2.03306752        0.06583800
     4.4000000        2.02402743        0.06203366
     4.5000000        2.01938014        0.05973283
     4.6000000        2.01713377        0.05991243
     4.7000000        2.01097844        0.05530074
     4.8000000        2.01088417        0.05505614
     4.9000000        2.00572548        0.05433890
     5.0000000        2.00898868        0.05397409
     5.1000000        2.01382940        0.05610836
     5.2000000        2.01238093        0.05573078
     5.3000000        2.01824204        0.05579286
     5.4000000        2.02067306        0.05671287
     5.5000000        2.01915191        0.05817289
     5.6000000        2.01301851        0.05901139
     5.7000000        2.01222033        0.05653071
     5.8000000        2.01722577        0.05485962
     5.9000000        2.01757658        0.05147074
     6.0000000        2.02001793        0.04894248
     6.1000000        2.02366501        0.04838192
     6.2000000        2.03048111        0.04695317
     6.3000000        2.03592814        0.04619023
     6.4000000        2.04173231        0.04522159
     6.5000000        2.05159879        0.04458182
     6.6000000        2.06258296        0.04586665
     6.7000000        2.07584659        0.04772320
     6.8000000        2.08982251        0.04935368
     6.9000000        2.09789494        0.04911018
     7.0000000        2.10719161        0.04843141
     7.1000000        2.11852106        0.04789193
     7.2000000        2.12660381        0.04560959
     7.3000000        2.13865875        0.04470087
     7.4000000        2.15532547        0.04498184
     7.5000000        2.17401388        0.04596593
     7.6000000        2.19576705        0.04763710
     7.7000000        2.21634384        0.04850145
     7.8000000        2.23437773        0.04806140
     7.9000000        2.25291476        0.04714557
     8.0000000        2.27284015        0.04700920
     8.1000000        2.29550433        0.04718853
     8.2000000        2.32163178        0.04919373
     8.3000000        2.34748262        0.05113398
     8.4000000        2.36941389        0.05231725
     8.5000000        2.39528555        0.05375538
     8.6000000        2.41887520        0.05413358
     8.7000000        2.45196674        0.05483419
     8.8000000        2.48581180        0.05525450
     8.9000000        2.52220198        0.05601840
     9.0000000        2.55846778        0.05645974
     9.1000000        2.59988965        0.05863886
     9.2000000        2.64185269        0.05993903
     9.3000000        2.68720517        0.05990163
     9.4000000        2.74008841        0.06085735
     9.5000000        2.79967950        0.06161306
     9.6000000        2.86967909        0.06259633
     9.7000000        2.95774044        0.06522685
     9.8000000        3.07104677        0.06847758
     9.9000000        3.22162058        0.07055723
    10.0000000        3.43997694        0.07061880
