   -1.000000     -1.000000
  1    1       -0.00449798        0.00072775       -0.00000000        0.00000000
   -1.000000      0.000000
  1    1       -0.04348285        0.00084725       -0.00000000        0.00000000
   -1.000000      1.000000
  1    1       -0.00455031        0.00070052       -0.00000000        0.00000000
   -1.000000      2.000000
  1    1       -0.00509134        0.00070242       -0.00000000        0.00000000
    0.000000     -1.000000
  1    1       -0.04370214        0.00088001       -0.00000000        0.00000000
    0.000000      0.000000
  1    1        0.22861859        0.00165797       -0.00000000        0.00000000
    0.000000      1.000000
  1    1       -0.04370214        0.00088001       -0.00000000        0.00000000
    0.000000      2.000000
  1    1       -0.00414869        0.00065934       -0.00000000        0.00000000
    1.000000     -1.000000
  1    1       -0.00455031        0.00070052       -0.00000000        0.00000000
    1.000000      0.000000
  1    1       -0.04348285        0.00084725       -0.00000000        0.00000000
    1.000000      1.000000
  1    1       -0.00449798        0.00072775       -0.00000000        0.00000000
    1.000000      2.000000
  1    1       -0.00509134        0.00070242       -0.00000000        0.00000000
    2.000000     -1.000000
  1    1       -0.00484124        0.00070378       -0.00000000        0.00000000
    2.000000      0.000000
  1    1       -0.00464015        0.00070956       -0.00000000        0.00000000
    2.000000      1.000000
  1    1       -0.00484124        0.00070378       -0.00000000        0.00000000
    2.000000      2.000000
  1    1       -0.00691737        0.00064579       -0.00000000        0.00000000
