   -1.570796     -1.570796
  1    1        0.23038541        0.00106491        0.00000000        0.00000000
   -1.570796      0.000000
  1    1        0.15830562        0.00098248        0.00000000        0.00000000
   -1.570796      1.570796
  1    1        0.23059471        0.00122252        0.00000000        0.00000000
   -1.570796      3.141593
  1    1        0.31374922        0.00156223        0.00000000        0.00000000
    0.000000     -1.570796
  1    1        0.15826150        0.00109062        0.00000000        0.00000000
    0.000000      0.000000
  1    1        0.00058067        0.00032449       -0.00000000        0.00000000
    0.000000      1.570796
  1    1        0.15826150        0.00109062       -0.00000000        0.00000000
    0.000000      3.141593
  1    1        0.23094734        0.00142009        0.00000000        0.00000000
    1.570796     -1.570796
  1    1        0.23059471        0.00122252        0.00000000        0.00000000
    1.570796      0.000000
  1    1        0.15830562        0.00098248       -0.00000000        0.00000000
    1.570796      1.570796
  1    1        0.23038541        0.00106491       -0.00000000        0.00000000
    1.570796      3.141593
  1    1        0.31374922        0.00156223        0.00000000        0.00000000
    3.141593     -1.570796
  1    1        0.31182752        0.00162584        0.00000000        0.00000000
    3.141593      0.000000
  1    1        0.23107059        0.00109899        0.00000000        0.00000000
    3.141593      1.570796
  1    1        0.31182752        0.00162584        0.00000000        0.00000000
    3.141593      3.141593
  1    1        0.38905092        0.01243556        0.00000000        0.00000000
