   -1.000000     -1.000000
  1    1        0.00016064        0.00005684        0.00002341        0.00021769
   -1.000000      0.000000
  1    1        0.32956310        0.00023837        0.00003204        0.00022215
   -1.000000      1.000000
  1    1       -0.00007249        0.00009157        0.00009208        0.00021844
   -1.000000      2.000000
  1    1       -0.09576818        0.00026878        0.00003722        0.00023374
    0.000000     -1.000000
  1    1        0.32996580        0.00026307        0.00015215        0.00023058
    0.000000      0.000000
  1    1        1.00000000        0.00000000       -0.00008529        0.00019625
    0.000000      1.000000
  1    1        0.32996580        0.00026307       -0.00015215        0.00023058
    0.000000      2.000000
  1    1       -0.00000000        0.00000000        0.00007989        0.00025656
    1.000000     -1.000000
  1    1        0.00007249        0.00009157        0.00009208        0.00021844
    1.000000      0.000000
  1    1        0.32956310        0.00023837       -0.00003204        0.00022215
    1.000000      1.000000
  1    1       -0.00016064        0.00005684        0.00002341        0.00021769
    1.000000      2.000000
  1    1       -0.09576818        0.00026878       -0.00003722        0.00023374
    2.000000     -1.000000
  1    1       -0.09541177        0.00024448       -0.00019598        0.00028216
    2.000000      0.000000
  1    1       -0.00000000        0.00000000        0.00011681        0.00023513
    2.000000      1.000000
  1    1       -0.09541177        0.00024448        0.00019598        0.00028216
    2.000000      2.000000
  1    1        0.00000000        0.00000000       -0.00029943        0.00017755
