   -1.570796     -1.570796
  1    1        1.00068592        0.00134998       -0.00044409        0.00107484
   -1.570796      0.000000
  1    1        1.85089364        0.00038768        0.00000092        0.00027809
   -1.570796      1.570796
  1    1        0.99929339        0.00133649       -0.00071874        0.00092509
   -1.570796      3.141593
  1    1        0.14938339        0.00037770        0.00035350        0.00030689
    0.000000     -1.570796
  1    1        1.85057490        0.00042230       -0.00021520        0.00022470
    0.000000      0.000000
  1    1        1.93669790        0.00018907        0.00004295        0.00014038
    0.000000      1.570796
  1    1        1.85075024        0.00040487        0.00071731        0.00028938
    0.000000      3.141593
  1    1        0.99848177        0.00190718       -0.00041900        0.00094875
    1.570796     -1.570796
  1    1        1.00070661        0.00133649       -0.00071874        0.00092509
    1.570796      0.000000
  1    1        1.85061661        0.00037770        0.00035350        0.00030689
    1.570796      1.570796
  1    1        0.99931408        0.00134998       -0.00044409        0.00107484
    1.570796      3.141593
  1    1        0.14910636        0.00038768        0.00000092        0.00027809
    3.141593     -1.570796
  1    1        0.14924976        0.00040487        0.00071731        0.00028938
    3.141593      0.000000
  1    1        1.00151823        0.00190718       -0.00041900        0.00094875
    3.141593      1.570796
  1    1        0.14942510        0.00042230       -0.00021520        0.00022470
    3.141593      3.141593
  1    1        0.06330210        0.00018907        0.00004295        0.00014038
