   -1.000000     -1.000000
  1    1        0.14875119        0.00088185        0.00000000        0.00000000
   -1.000000      0.000000
  1    1       -0.26483743        0.00098347       -0.00000000        0.00000000
   -1.000000      1.000000
  1    1        0.14860089        0.00088010        0.00000000        0.00000000
   -1.000000      2.000000
  1    1       -0.16842283        0.00088551       -0.00000000        0.00000000
    0.000000     -1.000000
  1    1       -0.26513483        0.00111040       -0.00000000        0.00000000
    0.000000      0.000000
  1    1        0.77138215        0.00165794        0.00000000        0.00000000
    0.000000      1.000000
  1    1       -0.26513483        0.00111040       -0.00000000        0.00000000
    0.000000      2.000000
  1    1        0.14838923        0.00081016       -0.00000000        0.00000000
    1.000000     -1.000000
  1    1        0.14860089        0.00088010        0.00000000        0.00000000
    1.000000      0.000000
  1    1       -0.26483743        0.00098347       -0.00000000        0.00000000
    1.000000      1.000000
  1    1        0.14875119        0.00088185        0.00000000        0.00000000
    1.000000      2.000000
  1    1       -0.16842283        0.00088551        0.00000000        0.00000000
    2.000000     -1.000000
  1    1       -0.16871066        0.00090467       -0.00000000        0.00000000
    2.000000      0.000000
  1    1        0.14889210        0.00087419       -0.00000000        0.00000000
    2.000000      1.000000
  1    1       -0.16871066        0.00090467        0.00000000        0.00000000
    2.000000      2.000000
  1    1        0.15284654        0.00086573       -0.00000000        0.00000000
