   -1.570796     -1.570796
  1    1        0.62664676        0.00094988        0.00000000        0.00000000
   -1.570796      0.000000
  1    1        0.42518439        0.00084933        0.00000000        0.00000000
   -1.570796      1.570796
  1    1        0.62724797        0.00095121        0.00000000        0.00000000
   -1.570796      3.141593
  1    1        0.81088107        0.00160624        0.00000000        0.00000000
    0.000000     -1.570796
  1    1        0.42620929        0.00097498        0.00000000        0.00000000
    0.000000      0.000000
  1    1        0.08200267        0.00030524        0.00000000        0.00000000
    0.000000      1.570796
  1    1        0.42620929        0.00097498        0.00000000        0.00000000
    0.000000      3.141593
  1    1        0.62797631        0.00134729        0.00000000        0.00000000
    1.570796     -1.570796
  1    1        0.62724797        0.00095121        0.00000000        0.00000000
    1.570796      0.000000
  1    1        0.42518439        0.00084933        0.00000000        0.00000000
    1.570796      1.570796
  1    1        0.62664676        0.00094988        0.00000000        0.00000000
    1.570796      3.141593
  1    1        0.81088107        0.00160624        0.00000000        0.00000000
    3.141593     -1.570796
  1    1        0.81186767        0.00140160        0.00000000        0.00000000
    3.141593      0.000000
  1    1        0.62563540        0.00085835        0.00000000        0.00000000
    3.141593      1.570796
  1    1        0.81186767        0.00140160        0.00000000        0.00000000
    3.141593      3.141593
  1    1        3.55042568        0.01521080        0.00000000        0.00000000
