     0.0000000        0.24793385        0.00666104
     0.1000000        0.15075455        0.00611629
     0.2000000        0.09400903        0.00642406
     0.3000000        0.06034588        0.00672365
     0.4000000        0.03899814        0.00684740
     0.5000000        0.02606247        0.00701314
     0.6000000        0.01847186        0.00719640
     0.7000000        0.01205535        0.00723326
     0.8000000        0.00675051        0.00734036
     0.9000000        0.00377399        0.00761241
     1.0000000        0.00250304        0.00768090
     1.1000000        0.00211153        0.00708765
     1.2000000        0.00034282        0.00733768
     1.3000000        0.00116400        0.00692755
     1.4000000        0.00245609        0.00636274
     1.5000000        0.00385566        0.00598549
     1.6000000        0.00588846        0.00569181
     1.7000000        0.00495356        0.00619894
     1.8000000        0.00286449        0.00722642
     1.9000000        0.00386588        0.00696359
     2.0000000        0.00366351        0.00721711
     2.1000000        0.00318416        0.00678672
     2.2000000        0.00229013        0.00688340
     2.3000000        0.00099044        0.00707841
     2.4000000       -0.00074178        0.00711465
     2.5000000       -0.00346707        0.00747054
     2.6000000       -0.00654334        0.00797719
     2.7000000       -0.00883587        0.00778183
     2.8000000       -0.01056148        0.00786978
     2.9000000       -0.00822676        0.00601187
     3.0000000       -0.00704299        0.00523684
     3.1000000       -0.00524954        0.00475033
     3.2000000       -0.00463374        0.00520788
     3.3000000       -0.00419414        0.00541854
     3.4000000       -0.00529472        0.00593705
     3.5000000       -0.00197440        0.00556403
     3.6000000        0.00015945        0.00520276
     3.7000000        0.00258041        0.00478292
     3.8000000        0.00523502        0.00449542
     3.9000000        0.00799667        0.00484482
     4.0000000        0.00778399        0.00530860
     4.1000000        0.00694662        0.00541610
     4.2000000        0.00424894        0.00436111
     4.3000000        0.00410149        0.00372239
     4.4000000        0.00469857        0.00380913
     4.5000000        0.00351638        0.00417600
     4.6000000        0.00327273        0.00533140
     4.7000000        0.00260675        0.00550468
     4.8000000        0.00140961        0.00551235
     4.9000000       -0.00128945        0.00511881
     5.0000000       -0.00448487        0.00519530
     5.1000000       -0.00719396        0.00564959
     5.2000000       -0.00948133        0.00617963
     5.3000000       -0.01148109        0.00615290
     5.4000000       -0.01421614        0.00621416
     5.5000000       -0.01482786        0.00570077
     5.6000000       -0.01493003        0.00550914
     5.7000000       -0.01288490        0.00517765
     5.8000000       -0.01328562        0.00501656
     5.9000000       -0.01321268        0.00466774
     6.0000000       -0.01165598        0.00458285
     6.1000000       -0.00942317        0.00464912
     6.2000000       -0.00685858        0.00474108
     6.3000000       -0.00421314        0.00414212
     6.4000000       -0.00432983        0.00407884
     6.5000000       -0.00158291        0.00410271
     6.6000000       -0.00046326        0.00440481
     6.7000000        0.00124834        0.00474825
     6.8000000        0.00231236        0.00477831
     6.9000000        0.00285968        0.00477885
     7.0000000        0.00225200        0.00444453
     7.1000000        0.00133448        0.00437365
     7.2000000       -0.00058427        0.00462469
     7.3000000       -0.00090148        0.00479352
     7.4000000       -0.00171034        0.00495132
     7.5000000       -0.00168958        0.00503418
     7.6000000       -0.00151997        0.00498122
     7.7000000       -0.00295369        0.00529090
     7.8000000       -0.00389568        0.00530843
     7.9000000       -0.00421581        0.00532699
     8.0000000       -0.00442186        0.00540580
     8.1000000       -0.00398390        0.00562021
     8.2000000       -0.00210686        0.00509113
     8.3000000       -0.00129690        0.00466097
     8.4000000       -0.00027455        0.00446766
     8.5000000        0.00103394        0.00472722
     8.6000000        0.00203385        0.00466803
     8.7000000        0.00257000        0.00476614
     8.8000000        0.00353721        0.00471204
     8.9000000        0.00384051        0.00475377
     9.0000000        0.00575841        0.00479491
     9.1000000        0.00596146        0.00510183
     9.2000000        0.00749981        0.00558117
     9.3000000        0.01090918        0.00582610
     9.4000000        0.01613282        0.00559844
     9.5000000        0.02529334        0.00556635
     9.6000000        0.03875530        0.00590254
     9.7000000        0.05980660        0.00602543
     9.8000000        0.09258783        0.00653431
     9.9000000        0.14890604        0.00668701
    10.0000000        0.24793385        0.00666104
