     0.0000000        0.80495560        0.00924915
     0.1000000        0.63815325        0.00852312
     0.2000000        0.52044084        0.00807518
     0.3000000        0.43336122        0.00774608
     0.4000000        0.36509791        0.00685745
     0.5000000        0.30997645        0.00580048
     0.6000000        0.26426342        0.00529695
     0.7000000        0.22532539        0.00467505
     0.8000000        0.19400639        0.00399225
     0.9000000        0.16750686        0.00433892
     1.0000000        0.14464592        0.00437578
     1.1000000        0.12593521        0.00425071
     1.2000000        0.10979309        0.00416903
     1.3000000        0.09699241        0.00418440
     1.4000000        0.08613411        0.00400789
     1.5000000        0.07651752        0.00394807
     1.6000000        0.06842056        0.00405841
     1.7000000        0.06132113        0.00345320
     1.8000000        0.05566556        0.00349616
     1.9000000        0.04960985        0.00331900
     2.0000000        0.04415011        0.00335078
     2.1000000        0.03834808        0.00264517
     2.2000000        0.03356867        0.00232889
     2.3000000        0.02932508        0.00211027
     2.4000000        0.02538164        0.00227712
     2.5000000        0.02232944        0.00226350
     2.6000000        0.01890245        0.00235712
     2.7000000        0.01685917        0.00244209
     2.8000000        0.01507340        0.00273970
     2.9000000        0.01380985        0.00269205
     3.0000000        0.01324397        0.00254365
     3.1000000        0.01213928        0.00234405
     3.2000000        0.01135878        0.00210257
     3.3000000        0.00990815        0.00212449
     3.4000000        0.00931810        0.00216116
     3.5000000        0.00909165        0.00228548
     3.6000000        0.00933798        0.00273323
     3.7000000        0.00883057        0.00256474
     3.8000000        0.00855076        0.00236428
     3.9000000        0.00652581        0.00227323
     4.0000000        0.00511733        0.00225675
     4.1000000        0.00426021        0.00213750
     4.2000000        0.00366961        0.00189720
     4.3000000        0.00181942        0.00182231
     4.4000000        0.00010736        0.00238507
     4.5000000       -0.00045050        0.00277263
     4.6000000       -0.00153922        0.00341325
     4.7000000       -0.00083393        0.00340794
     4.8000000       -0.00105354        0.00346712
     4.9000000       -0.00000256        0.00309415
     5.0000000        0.00080700        0.00299921
     5.1000000        0.00172704        0.00288451
     5.2000000        0.00191654        0.00271444
     5.3000000        0.00282546        0.00295964
     5.4000000        0.00261784        0.00291893
     5.5000000        0.00326171        0.00290686
     5.6000000        0.00321919        0.00267542
     5.7000000        0.00274894        0.00239297
     5.8000000        0.00157599        0.00222632
     5.9000000        0.00188427        0.00249587
     6.0000000        0.00184459        0.00240849
     6.1000000        0.00174682        0.00220436
     6.2000000        0.00242744        0.00221251
     6.3000000        0.00310340        0.00215046
     6.4000000        0.00380409        0.00175710
     6.5000000        0.00441910        0.00174341
     6.6000000        0.00529743        0.00168326
     6.7000000        0.00608526        0.00159645
     6.8000000        0.00765474        0.00138329
     6.9000000        0.00972556        0.00118402
     7.0000000        0.01163516        0.00127200
     7.1000000        0.01288431        0.00150229
     7.2000000        0.01303324        0.00172642
     7.3000000        0.01415236        0.00192001
     7.4000000        0.01663007        0.00195398
     7.5000000        0.01819819        0.00193435
     7.6000000        0.02078940        0.00198933
     7.7000000        0.02296967        0.00210431
     7.8000000        0.02686539        0.00188492
     7.9000000        0.03180306        0.00167494
     8.0000000        0.03716838        0.00186257
     8.1000000        0.04209660        0.00181148
     8.2000000        0.04697029        0.00200769
     8.3000000        0.05301876        0.00219997
     8.4000000        0.06104958        0.00240555
     8.5000000        0.07117123        0.00262142
     8.6000000        0.08148374        0.00251218
     8.7000000        0.09373565        0.00259212
     8.8000000        0.10820054        0.00297412
     8.9000000        0.12552241        0.00331147
     9.0000000        0.14564020        0.00371049
     9.1000000        0.16876897        0.00376940
     9.2000000        0.19588141        0.00402707
     9.3000000        0.22726028        0.00445449
     9.4000000        0.26431130        0.00501965
     9.5000000        0.30908161        0.00579422
     9.6000000        0.36527002        0.00635377
     9.7000000        0.43412344        0.00798725
     9.8000000        0.52285142        0.00934750
     9.9000000        0.64002930        0.00991078
    10.0000000        0.80495560        0.00924915
