     0.0000000        0.22983227        0.00893247
     0.1000000        0.13364501        0.00959294
     0.2000000        0.08208789        0.00929749
     0.3000000        0.05311916        0.00835291
     0.4000000        0.03628868        0.00700365
     0.5000000        0.02814974        0.00593381
     0.6000000        0.02093072        0.00569007
     0.7000000        0.01547594        0.00582172
     0.8000000        0.01235003        0.00605349
     0.9000000        0.01077700        0.00653721
     1.0000000        0.00856403        0.00664987
     1.1000000        0.00852897        0.00674384
     1.2000000        0.00849041        0.00582815
     1.3000000        0.00791684        0.00518078
     1.4000000        0.00566626        0.00464773
     1.5000000        0.00416811        0.00459378
     1.6000000        0.00409306        0.00424205
     1.7000000        0.00341341        0.00394608
     1.8000000        0.00521675        0.00447085
     1.9000000        0.00660051        0.00478573
     2.0000000        0.00703960        0.00463486
     2.1000000        0.00591470        0.00475702
     2.2000000        0.00455422        0.00449121
     2.3000000        0.00521327        0.00448579
     2.4000000        0.00489352        0.00431407
     2.5000000        0.00385460        0.00424626
     2.6000000        0.00269077        0.00392170
     2.7000000        0.00254248        0.00374759
     2.8000000        0.00160934        0.00363741
     2.9000000        0.00102241        0.00386573
     3.0000000        0.00162874        0.00403339
     3.1000000        0.00220881        0.00386734
     3.2000000        0.00250375        0.00360112
     3.3000000        0.00448239        0.00356925
     3.4000000        0.00515454        0.00355883
     3.5000000        0.00513468        0.00345131
     3.6000000        0.00432138        0.00332079
     3.7000000        0.00527531        0.00376395
     3.8000000        0.00549238        0.00368737
     3.9000000        0.00510590        0.00346402
     4.0000000        0.00518673        0.00389756
     4.1000000        0.00559564        0.00401800
     4.2000000        0.00534617        0.00433091
     4.3000000        0.00272105        0.00510133
     4.4000000       -0.00124256        0.00546109
     4.5000000       -0.00457220        0.00573665
     4.6000000       -0.00391157        0.00507076
     4.7000000       -0.00444404        0.00454198
     4.8000000       -0.00431471        0.00398405
     4.9000000       -0.00475026        0.00367035
     5.0000000       -0.00499724        0.00415428
     5.1000000       -0.00476582        0.00477825
     5.2000000       -0.00368812        0.00507193
     5.3000000       -0.00272619        0.00456261
     5.4000000       -0.00076384        0.00444444
     5.5000000        0.00128895        0.00443868
     5.6000000        0.00395113        0.00411384
     5.7000000        0.00552613        0.00360259
     5.8000000        0.00696794        0.00333508
     5.9000000        0.00815247        0.00364197
     6.0000000        0.00831748        0.00390987
     6.1000000        0.00867183        0.00372198
     6.2000000        0.00755505        0.00422003
     6.3000000        0.00689862        0.00455452
     6.4000000        0.00651986        0.00450998
     6.5000000        0.00830057        0.00396703
     6.6000000        0.00897218        0.00363108
     6.7000000        0.00825734        0.00370131
     6.8000000        0.00622351        0.00358713
     6.9000000        0.00451349        0.00411529
     7.0000000        0.00346852        0.00434365
     7.1000000        0.00200103        0.00477778
     7.2000000       -0.00039402        0.00473278
     7.3000000       -0.00054644        0.00497046
     7.4000000        0.00128501        0.00524322
     7.5000000        0.00070317        0.00548562
     7.6000000        0.00144920        0.00523972
     7.7000000        0.00145604        0.00537662
     7.8000000        0.00116559        0.00547377
     7.9000000        0.00017802        0.00517780
     8.0000000       -0.00056221        0.00472246
     8.1000000       -0.00122394        0.00490651
     8.2000000       -0.00225986        0.00522290
     8.3000000       -0.00353330        0.00513711
     8.4000000       -0.00355295        0.00487719
     8.5000000       -0.00282906        0.00479804
     8.6000000       -0.00310364        0.00498850
     8.7000000       -0.00227729        0.00510006
     8.8000000       -0.00350917        0.00548707
     8.9000000       -0.00382273        0.00602564
     9.0000000       -0.00159657        0.00575473
     9.1000000       -0.00054264        0.00636830
     9.2000000        0.00147622        0.00704596
     9.3000000        0.00293537        0.00740579
     9.4000000        0.00689519        0.00755540
     9.5000000        0.01461758        0.00744930
     9.6000000        0.02691601        0.00750312
     9.7000000        0.04544907        0.00712198
     9.8000000        0.07674925        0.00757747
     9.9000000        0.13120827        0.00889692
    10.0000000        0.22983227        0.00893247
