     0.0000000        2.83559244        0.08866772
     0.1000000        2.48175038        0.08246851
     0.2000000        2.26131182        0.07316243
     0.3000000        2.11944061        0.06054369
     0.4000000        2.01729479        0.06228826
     0.5000000        1.92422709        0.07322606
     0.6000000        1.84401394        0.09342600
     0.7000000        1.75974848        0.08891785
     0.8000000        1.68798904        0.08625604
     0.9000000        1.61558380        0.08549629
     1.0000000        1.54920968        0.09383599
     1.1000000        1.48068491        0.09434825
     1.2000000        1.42606058        0.09958845
     1.3000000        1.36537639        0.09259233
     1.4000000        1.30924189        0.08675875
     1.5000000        1.25858984        0.08350342
     1.6000000        1.21124820        0.06939761
     1.7000000        1.16253140        0.07560785
     1.8000000        1.12829443        0.07990053
     1.9000000        1.09693469        0.06885950
     2.0000000        1.06868802        0.06402710
     2.1000000        1.04330903        0.06219141
     2.2000000        1.00701480        0.05720211
     2.3000000        0.97301868        0.04685591
     2.4000000        0.94518157        0.02733352
     2.5000000        0.92663250        0.00763155
     2.6000000        0.90167730        0.00330862
     2.7000000        0.87296501        0.00882298
     2.8000000        0.84537808        0.00742852
     2.9000000        0.82783085        0.00882615
     3.0000000        0.79588606        0.00722529
     3.1000000        0.77267487        0.00132993
     3.2000000        0.75618979        0.01392084
     3.3000000        0.73873285        0.03122336
     3.4000000        0.72793655        0.04267473
     3.5000000        0.72098579        0.04576663
     3.6000000        0.70944104        0.04238701
     3.7000000        0.69870496        0.04161186
     3.8000000        0.68644128        0.03874906
     3.9000000        0.67339229        0.02841386
     4.0000000        0.67325598        0.02559285
     4.1000000        0.66823817        0.02968361
     4.2000000        0.66789326        0.03430337
     4.3000000        0.65670844        0.03714725
     4.4000000        0.64298071        0.03597018
     4.5000000        0.63520153        0.03406989
     4.6000000        0.62217411        0.02897794
     4.7000000        0.61533975        0.02965702
     4.8000000        0.61084719        0.02286787
     4.9000000        0.60772070        0.01028811
     5.0000000        0.60575455        0.00718100
     5.1000000        0.60516690        0.00754013
     5.2000000        0.60108108        0.01194779
     5.3000000        0.60396252        0.01564870
     5.4000000        0.61445715        0.02005886
     5.5000000        0.62644332        0.02812003
     5.6000000        0.64208794        0.03125975
     5.7000000        0.64079414        0.02814571
     5.8000000        0.64591181        0.02612073
     5.9000000        0.64824079        0.02726862
     6.0000000        0.65187439        0.02861067
     6.1000000        0.66228307        0.02858591
     6.2000000        0.67175821        0.03225640
     6.3000000        0.68190842        0.02620173
     6.4000000        0.69507478        0.03388945
     6.5000000        0.70783711        0.02398988
     6.6000000        0.72262168        0.00683747
     6.7000000        0.74731512        0.00298361
     6.8000000        0.76804242        0.00257831
     6.9000000        0.78907668        0.00690561
     7.0000000        0.81323741        0.01022719
     7.1000000        0.83534248        0.00873984
     7.2000000        0.85344263        0.00426976
     7.3000000        0.87205118        0.00246510
     7.4000000        0.90094243        0.01069351
     7.5000000        0.93071825        0.01552502
     7.6000000        0.95427425        0.01441113
     7.7000000        0.97601024        0.00857243
     7.8000000        1.00519505        0.00041991
     7.9000000        1.03191175        0.00744807
     8.0000000        1.07158623        0.00192978
     8.1000000        1.11359419        0.00439289
     8.2000000        1.16032015        0.01064655
     8.3000000        1.20646365        0.02357363
     8.4000000        1.24109293        0.04242929
     8.5000000        1.26984833        0.05204819
     8.6000000        1.31392523        0.05506815
     8.7000000        1.36086325        0.05358300
     8.8000000        1.41398017        0.05790235
     8.9000000        1.48459770        0.06799108
     9.0000000        1.55874580        0.07832205
     9.1000000        1.62810540        0.08260598
     9.2000000        1.69958754        0.08377101
     9.3000000        1.76474008        0.07421591
     9.4000000        1.84774899        0.07584360
     9.5000000        1.93256494        0.07903116
     9.6000000        2.02506313        0.09898312
     9.7000000        2.12267419        0.09786298
     9.8000000        2.27566813        0.10219660
     9.9000000        2.47884616        0.09489660
    10.0000000        2.83559244        0.08866772
