     0.0000000        0.47575271        0.04670900
     0.1000000        0.28724677        0.03813690
     0.2000000        0.17515794        0.03155955
     0.3000000        0.10901454        0.02635420
     0.4000000        0.06675886        0.02674375
     0.5000000        0.03912254        0.02306910
     0.6000000        0.02455181        0.01994032
     0.7000000        0.01377542        0.02009223
     0.8000000        0.00623406        0.01814945
     0.9000000       -0.00137315        0.01560151
     1.0000000       -0.00413347        0.00844341
     1.1000000       -0.00850633        0.00474017
     1.2000000       -0.00816567        0.00448488
     1.3000000       -0.00672676        0.00183210
     1.4000000       -0.00840942        0.00303020
     1.5000000       -0.00940246        0.00272258
     1.6000000       -0.01320985        0.00442012
     1.7000000       -0.01282938        0.00324007
     1.8000000       -0.01469044        0.00496701
     1.9000000       -0.01065574        0.00191361
     2.0000000       -0.00688737        0.00138014
     2.1000000       -0.00536391        0.00113294
     2.2000000       -0.00513657        0.00395150
     2.3000000       -0.00530954        0.00832436
     2.4000000       -0.00340401        0.00803271
     2.5000000       -0.00523233        0.01239376
     2.6000000       -0.00439905        0.01587178
     2.7000000       -0.00066682        0.01787091
     2.8000000       -0.00025800        0.02282505
     2.9000000       -0.00161232        0.02463357
     3.0000000       -0.00552840        0.03347452
     3.1000000       -0.00334858        0.03225453
     3.2000000       -0.00167891        0.03175337
     3.3000000        0.00144397        0.03094345
     3.4000000        0.00189108        0.02686220
     3.5000000        0.00067154        0.02111166
     3.6000000       -0.00031929        0.01196638
     3.7000000        0.00138650        0.00656641
     3.8000000        0.00703073        0.00509697
     3.9000000        0.01001606        0.00603149
     4.0000000        0.01194374        0.00534553
     4.1000000        0.01635035        0.00915449
     4.2000000        0.01841758        0.01250997
     4.3000000        0.01819791        0.01664874
     4.4000000        0.01603822        0.01943070
     4.5000000        0.00850828        0.01388314
     4.6000000        0.00414584        0.00965832
     4.7000000        0.00061994        0.00682463
     4.8000000       -0.00029032        0.00750559
     4.9000000       -0.00013605        0.00971379
     5.0000000        0.00175117        0.01265509
     5.1000000        0.00543590        0.01407974
     5.2000000        0.00414899        0.00809207
     5.3000000        0.00433397        0.01266477
     5.4000000       -0.00232200        0.00203615
     5.5000000       -0.00910587        0.00858319
     5.6000000       -0.01470501        0.01852825
     5.7000000       -0.01287066        0.02012038
     5.8000000       -0.00435754        0.01657315
     5.9000000       -0.00223736        0.01853099
     6.0000000       -0.00286607        0.02119628
     6.1000000       -0.00964791        0.03218397
     6.2000000       -0.01177591        0.03722884
     6.3000000       -0.01587474        0.04863407
     6.4000000       -0.01871513        0.05516700
     6.5000000       -0.01772724        0.05689106
     6.6000000       -0.01934263        0.05802555
     6.7000000       -0.01412394        0.04963687
     6.8000000       -0.00926576        0.04131901
     6.9000000       -0.01058737        0.03900312
     7.0000000       -0.00928791        0.03413751
     7.1000000       -0.00615251        0.02791181
     7.2000000       -0.00359825        0.01771429
     7.3000000       -0.00359834        0.01435905
     7.4000000       -0.00110028        0.00922066
     7.5000000       -0.00230295        0.00529737
     7.6000000       -0.00598404        0.00882745
     7.7000000       -0.00677653        0.01590014
     7.8000000       -0.00454420        0.01640947
     7.9000000       -0.00855296        0.02321035
     8.0000000       -0.00908437        0.02339322
     8.1000000       -0.00922875        0.02528208
     8.2000000       -0.00991382        0.02560677
     8.3000000       -0.00860907        0.02298305
     8.4000000       -0.01066818        0.02429624
     8.5000000       -0.01619120        0.02910532
     8.6000000       -0.02151087        0.03573254
     8.7000000       -0.02238612        0.03535612
     8.8000000       -0.02562070        0.04011373
     8.9000000       -0.02719824        0.04676232
     9.0000000       -0.03280181        0.05799854
     9.1000000       -0.04398881        0.07777750
     9.2000000       -0.05976449        0.10682251
     9.3000000       -0.04985716        0.09858348
     9.4000000       -0.02582640        0.07940876
     9.5000000       -0.00812958        0.07312863
     9.6000000        0.02351287        0.06874656
     9.7000000        0.06967826        0.07338038
     9.8000000        0.14515026        0.07784847
     9.9000000        0.27453374        0.05725622
    10.0000000        0.47575271        0.04670900
