     0.0000000        1.01024308        0.00730810
     0.1000000        0.88162021        0.00696211
     0.2000000        0.78405358        0.00776500
     0.3000000        0.70389437        0.00753001
     0.4000000        0.63018406        0.00703149
     0.5000000        0.57286867        0.00814574
     0.6000000        0.52044256        0.00865584
     0.7000000        0.46731561        0.00753616
     0.8000000        0.42411211        0.00731169
     0.9000000        0.38025200        0.00711267
     1.0000000        0.34777502        0.00734430
     1.1000000        0.31171550        0.00736051
     1.2000000        0.28426541        0.00799912
     1.3000000        0.25606816        0.00754879
     1.4000000        0.23039056        0.00825921
     1.5000000        0.21136881        0.00855461
     1.6000000        0.18754347        0.00739098
     1.7000000        0.16840308        0.00730670
     1.8000000        0.15192030        0.00667788
     1.9000000        0.13822464        0.00699911
     2.0000000        0.12295528        0.00717768
     2.1000000        0.11175467        0.00655005
     2.2000000        0.09970428        0.00583271
     2.3000000        0.09314533        0.00462616
     2.4000000        0.08807823        0.00446049
     2.5000000        0.08136658        0.00537643
     2.6000000        0.07180795        0.00663770
     2.7000000        0.06799141        0.00643324
     2.8000000        0.06310099        0.00577798
     2.9000000        0.05568372        0.00564118
     3.0000000        0.05003316        0.00662165
     3.1000000        0.04488236        0.00708066
     3.2000000        0.03861650        0.00641620
     3.3000000        0.03424097        0.00629307
     3.4000000        0.02995726        0.00617753
     3.5000000        0.03395518        0.00548143
     3.6000000        0.02893223        0.00522253
     3.7000000        0.02664525        0.00576118
     3.8000000        0.02727086        0.00614098
     3.9000000        0.02463446        0.00626625
     4.0000000        0.02331955        0.00576980
     4.1000000        0.01840690        0.00598783
     4.2000000        0.01817118        0.00602785
     4.3000000        0.01509121        0.00571577
     4.4000000        0.01211363        0.00592032
     4.5000000        0.01698554        0.00516967
     4.6000000        0.01462974        0.00634186
     4.7000000        0.01615625        0.00652253
     4.8000000        0.02026299        0.00571641
     4.9000000        0.02113575        0.00529373
     5.0000000        0.01629153        0.00632484
     5.1000000        0.01499717        0.00679541
     5.2000000        0.01191130        0.00573731
     5.3000000        0.01189110        0.00596076
     5.4000000        0.01616489        0.00586478
     5.5000000        0.01698015        0.00543066
     5.6000000        0.01674409        0.00548200
     5.7000000        0.01716860        0.00633214
     5.8000000        0.02035399        0.00532005
     5.9000000        0.02005411        0.00544324
     6.0000000        0.02603527        0.00632800
     6.1000000        0.02630501        0.00549534
     6.2000000        0.02567856        0.00458370
     6.3000000        0.02812525        0.00484049
     6.4000000        0.03379009        0.00485885
     6.5000000        0.03518809        0.00493371
     6.6000000        0.04073782        0.00672097
     6.7000000        0.04342216        0.00700655
     6.8000000        0.04575493        0.00648510
     6.9000000        0.05213670        0.00604301
     7.0000000        0.05846604        0.00649844
     7.1000000        0.06145101        0.00589720
     7.2000000        0.06622881        0.00593326
     7.3000000        0.07068722        0.00647752
     7.4000000        0.07983385        0.00527493
     7.5000000        0.08733365        0.00624395
     7.6000000        0.09486550        0.00631837
     7.7000000        0.10706161        0.00627376
     7.8000000        0.11741284        0.00531401
     7.9000000        0.12449762        0.00586042
     8.0000000        0.14045984        0.00540463
     8.1000000        0.15443410        0.00554950
     8.2000000        0.17070420        0.00557368
     8.3000000        0.18705621        0.00672956
     8.4000000        0.20522490        0.00628592
     8.5000000        0.21958761        0.00618316
     8.6000000        0.23810119        0.00566631
     8.7000000        0.25785760        0.00430405
     8.8000000        0.28388115        0.00544659
     8.9000000        0.31410223        0.00623035
     9.0000000        0.34585644        0.00584978
     9.1000000        0.37570974        0.00574333
     9.2000000        0.40759294        0.00657838
     9.3000000        0.45111780        0.00690274
     9.4000000        0.49751450        0.00646209
     9.5000000        0.55094912        0.00632880
     9.6000000        0.61187167        0.00829817
     9.7000000        0.67761525        0.00878556
     9.8000000        0.76173616        0.00801494
     9.9000000        0.86311741        0.00729824
    10.0000000        0.98975692        0.00730810
