     0.0000000        0.93677259        0.00297958
     0.1000000        0.78446674        0.01186623
     0.2000000        0.66669531        0.00286642
     0.3000000        0.56259408        0.01021405
     0.4000000        0.48333998        0.02025618
     0.5000000        0.41708079        0.01604412
     0.6000000        0.37215282        0.00825775
     0.7000000        0.32854250        0.01615437
     0.8000000        0.27947187        0.03651016
     0.9000000        0.25383119        0.01416439
     1.0000000        0.21899876        0.02485611
     1.1000000        0.19342267        0.01906438
     1.2000000        0.16645878        0.02716644
     1.3000000        0.14985924        0.02074470
     1.4000000        0.13892497        0.02220513
     1.5000000        0.11019365        0.02391079
     1.6000000        0.10527441        0.01893250
     1.7000000        0.10152765        0.01822153
     1.8000000        0.08015380        0.00820465
     1.9000000        0.07427833        0.01141153
     2.0000000        0.06944275        0.01458758
     2.1000000        0.06490834        0.01941849
     2.2000000        0.06531308        0.00698265
     2.3000000        0.05831422        0.01128036
     2.4000000        0.05004572        0.00339905
     2.5000000        0.04435703        0.00122472
     2.6000000        0.03340027        0.00600574
     2.7000000        0.03138195        0.00523743
     2.8000000        0.03006265        0.00001748
     2.9000000        0.02938508        0.00511931
     3.0000000        0.02927438        0.00913099
     3.1000000        0.03397906        0.01038654
     3.2000000        0.02923621        0.00127788
     3.3000000        0.03116548        0.00256456
     3.4000000        0.02074164        0.00157561
     3.5000000        0.01546536        0.00186913
     3.6000000        0.01474708        0.00126216
     3.7000000        0.01206983        0.00949865
     3.8000000        0.01377849        0.01083840
     3.9000000        0.00743975        0.01615661
     4.0000000        0.00732912        0.01635580
     4.1000000       -0.00119772        0.01719574
     4.2000000        0.00271064        0.01039797
     4.3000000       -0.00257312        0.00822383
     4.4000000       -0.00357522        0.00256086
     4.5000000       -0.00613870        0.00234465
     4.6000000       -0.00842356        0.00038649
     4.7000000       -0.00243187        0.00074980
     4.8000000       -0.00173867        0.00706802
     4.9000000        0.00159570        0.00883080
     5.0000000       -0.00178907        0.00446197
     5.1000000       -0.00258142        0.00709228
     5.2000000       -0.00268412        0.00486089
     5.3000000       -0.00185588        0.00173254
     5.4000000        0.00177112        0.00001361
     5.5000000       -0.00194531        0.00256031
     5.6000000       -0.00216664        0.00939782
     5.7000000       -0.00627987        0.00277843
     5.8000000       -0.00387253        0.00515639
     5.9000000        0.00441766        0.00760912
     6.0000000        0.00129183        0.00763453
     6.1000000        0.00461281        0.00029969
     6.2000000        0.00569338        0.00033921
     6.3000000        0.00741066        0.01176519
     6.4000000        0.00853526        0.00680909
     6.5000000        0.00829161        0.01119761
     6.6000000        0.00801307        0.00740545
     6.7000000        0.01711287        0.00421895
     6.8000000        0.02262051        0.00139006
     6.9000000        0.02677231        0.00171183
     7.0000000        0.03165333        0.01036644
     7.1000000        0.03037782        0.02114244
     7.2000000        0.03570541        0.02301473
     7.3000000        0.04446605        0.03469021
     7.4000000        0.04599069        0.02934852
     7.5000000        0.05238071        0.03111263
     7.6000000        0.06152708        0.03263457
     7.7000000        0.07306361        0.02710613
     7.8000000        0.07453283        0.03278236
     7.9000000        0.07954603        0.02807800
     8.0000000        0.09249092        0.03870861
     8.1000000        0.10445194        0.03335403
     8.2000000        0.12181818        0.02855543
     8.3000000        0.13347532        0.02340059
     8.4000000        0.14685843        0.01962650
     8.5000000        0.15840924        0.02301583
     8.6000000        0.17856619        0.03048296
     8.7000000        0.20339655        0.01576727
     8.8000000        0.21455220        0.00478057
     8.9000000        0.24045452        0.00123800
     9.0000000        0.26381483        0.00738170
     9.1000000        0.29813734        0.00344753
     9.2000000        0.33150344        0.00584592
     9.3000000        0.37374078        0.01346399
     9.4000000        0.42621133        0.00217946
     9.5000000        0.49020989        0.01374581
     9.6000000        0.55470220        0.02489425
     9.7000000        0.64991867        0.01710899
     9.8000000        0.76410615        0.00769549
     9.9000000        0.89078037        0.00267684
    10.0000000        1.06322741        0.00297958
