     0.0000000        2.00000000        0.00000000
     0.1000000        1.76159921        0.00425854
     0.2000000        1.58160479        0.00293734
     0.3000000        1.42336662        0.00161413
     0.4000000        1.29795299        0.00569950
     0.5000000        1.18622972        0.00505670
     0.6000000        1.09268643        0.00679626
     0.7000000        1.01027445        0.01225428
     0.8000000        0.93285611        0.01732265
     0.9000000        0.87124344        0.01271903
     1.0000000        0.80808472        0.01343483
     1.1000000        0.75277692        0.00490303
     1.2000000        0.69613094        0.01767337
     1.3000000        0.64605337        0.01154620
     1.4000000        0.59964263        0.00623694
     1.5000000        0.55652621        0.00353834
     1.6000000        0.51840911        0.00492318
     1.7000000        0.47872288        0.00021599
     1.8000000        0.44883425        0.00543460
     1.9000000        0.42023094        0.01829738
     2.0000000        0.39680247        0.02784079
     2.1000000        0.36949347        0.02870606
     2.2000000        0.35059568        0.02867532
     2.3000000        0.32089886        0.02913227
     2.4000000        0.30109795        0.02442358
     2.5000000        0.28658163        0.02038310
     2.6000000        0.26582278        0.02810538
     2.7000000        0.24681291        0.02859864
     2.8000000        0.23676699        0.02280715
     2.9000000        0.21646481        0.01864252
     3.0000000        0.20596438        0.00936296
     3.1000000        0.19865787        0.00253309
     3.2000000        0.18556713        0.00215938
     3.3000000        0.17642263        0.00309147
     3.4000000        0.16684720        0.00405867
     3.5000000        0.16205741        0.01252934
     3.6000000        0.15706274        0.00457744
     3.7000000        0.14323128        0.02260475
     3.8000000        0.13081117        0.02670233
     3.9000000        0.12602710        0.02873231
     4.0000000        0.12547026        0.02131942
     4.1000000        0.11460533        0.02317314
     4.2000000        0.10849511        0.02224467
     4.3000000        0.10818848        0.01229434
     4.4000000        0.10652135        0.01776398
     4.5000000        0.10151874        0.01858237
     4.6000000        0.09656721        0.01489659
     4.7000000        0.09625520        0.01292651
     4.8000000        0.10033912        0.00965304
     4.9000000        0.09673869        0.00668060
     5.0000000        0.09785999        0.00544027
     5.1000000        0.09885775        0.01203604
     5.2000000        0.09949774        0.01322901
     5.3000000        0.10752626        0.01554852
     5.4000000        0.10792849        0.01289871
     5.5000000        0.10194592        0.01838827
     5.6000000        0.10898057        0.01970934
     5.7000000        0.10908342        0.01931935
     5.8000000        0.11533010        0.01700724
     5.9000000        0.10938422        0.00879017
     6.0000000        0.11554548        0.00355361
     6.1000000        0.12399565        0.00584448
     6.2000000        0.12576860        0.00974766
     6.3000000        0.13939249        0.02000779
     6.4000000        0.14716154        0.01920968
     6.5000000        0.15954586        0.01943659
     6.6000000        0.16866950        0.02376468
     6.7000000        0.17451385        0.02130815
     6.8000000        0.18558888        0.02032132
     6.9000000        0.19574919        0.02120293
     7.0000000        0.20798462        0.02575041
     7.1000000        0.22432732        0.02395748
     7.2000000        0.23544566        0.02807273
     7.3000000        0.24553972        0.02439570
     7.4000000        0.26710209        0.02878828
     7.5000000        0.29064011        0.03773371
     7.6000000        0.30902605        0.03743531
     7.7000000        0.32767614        0.03975970
     7.8000000        0.35211428        0.04015974
     7.9000000        0.37671790        0.03432202
     8.0000000        0.40455874        0.01579255
     8.1000000        0.43823479        0.01339263
     8.2000000        0.46001009        0.01340062
     8.3000000        0.49387785        0.01137979
     8.4000000        0.53319411        0.00941331
     8.5000000        0.57467561        0.01044432
     8.6000000        0.61227170        0.00424083
     8.7000000        0.65538394        0.00204407
     8.8000000        0.70500166        0.00024293
     8.9000000        0.75280760        0.01056977
     9.0000000        0.80659330        0.00590361
     9.1000000        0.87254279        0.00445973
     9.2000000        0.94743299        0.00200151
     9.3000000        1.02778342        0.00341599
     9.4000000        1.10941582        0.00776068
     9.5000000        1.19921992        0.01194845
     9.6000000        1.30966387        0.00552634
     9.7000000        1.43686124        0.00157243
     9.8000000        1.58201251        0.00052488
     9.9000000        1.75772632        0.00031507
    10.0000000        2.00000000        0.00000000
