     0.0000000        0.23926530        0.00944635
     0.1000000        0.14354070        0.00892727
     0.2000000        0.09002737        0.00864218
     0.3000000        0.05814248        0.00852907
     0.4000000        0.03977430        0.00788112
     0.5000000        0.02852160        0.00743200
     0.6000000        0.02071743        0.00739030
     0.7000000        0.01568969        0.00746231
     0.8000000        0.01228351        0.00751688
     0.9000000        0.00930080        0.00791292
     1.0000000        0.00667889        0.00811459
     1.1000000        0.00522326        0.00774277
     1.2000000        0.00476536        0.00721469
     1.3000000        0.00424146        0.00687595
     1.4000000        0.00427490        0.00630561
     1.5000000        0.00344126        0.00613134
     1.6000000        0.00354803        0.00577339
     1.7000000        0.00331463        0.00563994
     1.8000000        0.00269433        0.00565510
     1.9000000        0.00226411        0.00545397
     2.0000000        0.00136327        0.00553085
     2.1000000        0.00204941        0.00512616
     2.2000000        0.00197860        0.00473907
     2.3000000        0.00296620        0.00447886
     2.4000000        0.00297131        0.00431591
     2.5000000        0.00186355        0.00441224
     2.6000000        0.00102749        0.00464945
     2.7000000        0.00116481        0.00459346
     2.8000000        0.00116593        0.00463282
     2.9000000        0.00136771        0.00416206
     3.0000000        0.00106390        0.00415048
     3.1000000        0.00168661        0.00411780
     3.2000000        0.00128320        0.00453819
     3.3000000        0.00097130        0.00486906
     3.4000000        0.00109716        0.00507170
     3.5000000        0.00164110        0.00499689
     3.6000000        0.00047805        0.00523533
     3.7000000        0.00008170        0.00509388
     3.8000000       -0.00025076        0.00483453
     3.9000000        0.00031412        0.00482047
     4.0000000        0.00090863        0.00466678
     4.1000000        0.00120286        0.00459921
     4.2000000        0.00043785        0.00469561
     4.3000000       -0.00017705        0.00477450
     4.4000000       -0.00020378        0.00468793
     4.5000000       -0.00062023        0.00462942
     4.6000000       -0.00059915        0.00484031
     4.7000000       -0.00072830        0.00474698
     4.8000000       -0.00081827        0.00490027
     4.9000000       -0.00063693        0.00499382
     5.0000000       -0.00089712        0.00528164
     5.1000000       -0.00120249        0.00563835
     5.2000000       -0.00111105        0.00553556
     5.3000000       -0.00120089        0.00531830
     5.4000000       -0.00095357        0.00518980
     5.5000000       -0.00063577        0.00520354
     5.6000000        0.00081110        0.00510535
     5.7000000        0.00169634        0.00476046
     5.8000000        0.00190940        0.00453160
     5.9000000        0.00244412        0.00425209
     6.0000000        0.00310553        0.00429736
     6.1000000        0.00381069        0.00433359
     6.2000000        0.00394914        0.00442731
     6.3000000        0.00432319        0.00456280
     6.4000000        0.00492926        0.00456884
     6.5000000        0.00576767        0.00449499
     6.6000000        0.00642118        0.00460155
     6.7000000        0.00608092        0.00481066
     6.8000000        0.00558207        0.00483370
     6.9000000        0.00475389        0.00487528
     7.0000000        0.00466228        0.00476177
     7.1000000        0.00452581        0.00461494
     7.2000000        0.00470840        0.00436829
     7.3000000        0.00477241        0.00425144
     7.4000000        0.00457287        0.00427494
     7.5000000        0.00438937        0.00434021
     7.6000000        0.00475267        0.00438009
     7.7000000        0.00534340        0.00444884
     7.8000000        0.00608315        0.00442808
     7.9000000        0.00632661        0.00465403
     8.0000000        0.00671499        0.00472748
     8.1000000        0.00769715        0.00467732
     8.2000000        0.00810110        0.00476237
     8.3000000        0.00833246        0.00498696
     8.4000000        0.00893971        0.00495382
     8.5000000        0.00991185        0.00502513
     8.6000000        0.01070959        0.00514963
     8.7000000        0.01126367        0.00526018
     8.8000000        0.01097226        0.00547773
     8.9000000        0.01095800        0.00565411
     9.0000000        0.01164301        0.00571397
     9.1000000        0.01279560        0.00579221
     9.2000000        0.01389087        0.00596884
     9.3000000        0.01696290        0.00612790
     9.4000000        0.02171972        0.00631584
     9.5000000        0.02940935        0.00656145
     9.6000000        0.04141816        0.00707622
     9.7000000        0.05935747        0.00788399
     9.8000000        0.08965062        0.00897412
     9.9000000        0.14280515        0.00953227
    10.0000000        0.23926530        0.00944635
