     0.0000000        0.40728187        0.01414080
     0.1000000        0.19123192        0.01842365
     0.2000000        0.10059074        0.02527760
     0.3000000        0.05847068        0.02657329
     0.4000000        0.03994617        0.01969047
     0.5000000        0.02723793        0.00636167
     0.6000000        0.02107945        0.00998536
     0.7000000        0.01135338        0.01056854
     0.8000000        0.00644937        0.01070326
     0.9000000        0.00431904        0.01135726
     1.0000000        0.00032157        0.00818122
     1.1000000       -0.00099932        0.00629325
     1.2000000       -0.00109808        0.00537835
     1.3000000       -0.00283747        0.00966625
     1.4000000        0.00155802        0.00735493
     1.5000000        0.00437850        0.00610868
     1.6000000        0.01151767        0.00417705
     1.7000000        0.01283808        0.00265123
     1.8000000        0.01095256        0.00474422
     1.9000000        0.01227809        0.00197082
     2.0000000        0.01182804        0.00608530
     2.1000000        0.01036262        0.00117741
     2.2000000        0.00816910        0.00468537
     2.3000000        0.01024401        0.00564745
     2.4000000        0.00811090        0.00600604
     2.5000000        0.00830657        0.00668114
     2.6000000        0.00769592        0.00333375
     2.7000000        0.00545116        0.00526497
     2.8000000        0.00158315        0.00056808
     2.9000000        0.00125764        0.00979975
     3.0000000        0.00319419        0.00234711
     3.1000000        0.00966079        0.00269405
     3.2000000        0.00972063        0.00010172
     3.3000000        0.00672830        0.00430376
     3.4000000        0.00383778        0.00321769
     3.5000000        0.00717271        0.01022886
     3.6000000        0.00397197        0.01081453
     3.7000000       -0.00475040        0.00058315
     3.8000000       -0.01251611        0.00107426
     3.9000000       -0.01349135        0.00465509
     4.0000000       -0.01080037        0.00580317
     4.1000000       -0.01307103        0.00668375
     4.2000000       -0.00955666        0.00425351
     4.3000000       -0.00331315        0.00137792
     4.4000000       -0.00200993        0.00875198
     4.5000000       -0.00033743        0.00671230
     4.6000000        0.00343581        0.01011439
     4.7000000        0.00369924        0.00834553
     4.8000000        0.00139644        0.01956379
     4.9000000       -0.00174908        0.01332645
     5.0000000       -0.00024764        0.00211757
     5.1000000       -0.00313667        0.00071376
     5.2000000       -0.00240649        0.00698444
     5.3000000       -0.00277524        0.00849014
     5.4000000       -0.00409509        0.01180840
     5.5000000       -0.00366802        0.01168892
     5.6000000       -0.00183027        0.01847823
     5.7000000       -0.00084858        0.02026367
     5.8000000       -0.00071025        0.01790136
     5.9000000       -0.00205565        0.00821072
     6.0000000        0.00013508        0.00834195
     6.1000000       -0.00437909        0.00540913
     6.2000000       -0.00772676        0.00818633
     6.3000000       -0.00497191        0.01127866
     6.4000000        0.00100385        0.00555806
     6.5000000        0.00074958        0.01171494
     6.6000000       -0.00108006        0.01896434
     6.7000000       -0.00358690        0.01936342
     6.8000000       -0.00598056        0.00784786
     6.9000000       -0.01013740        0.00802446
     7.0000000       -0.01079699        0.01051531
     7.1000000       -0.00911066        0.01792904
     7.2000000       -0.00501566        0.01578108
     7.3000000       -0.00362070        0.01518448
     7.4000000       -0.00137631        0.01393517
     7.5000000       -0.00253432        0.00919294
     7.6000000       -0.00118639        0.00109639
     7.7000000        0.00126994        0.00063182
     7.8000000        0.00656223        0.00130978
     7.9000000        0.00607776        0.00172872
     8.0000000        0.00193052        0.00419181
     8.1000000       -0.00015776        0.00683063
     8.2000000        0.00018887        0.00868931
     8.3000000       -0.00085156        0.00919769
     8.4000000       -0.00275710        0.01166747
     8.5000000       -0.01077218        0.00667865
     8.6000000       -0.00891894        0.00916329
     8.7000000       -0.00624091        0.00339259
     8.8000000       -0.00582003        0.00108608
     8.9000000       -0.00684809        0.00849386
     9.0000000       -0.00666961        0.00593742
     9.1000000       -0.00717091        0.00495288
     9.2000000       -0.00513342        0.00650264
     9.3000000        0.00220688        0.00856037
     9.4000000        0.00889548        0.01174073
     9.5000000        0.01591558        0.00845561
     9.6000000        0.02240753        0.00605135
     9.7000000        0.04658176        0.01583910
     9.8000000        0.09300276        0.01841395
     9.9000000        0.18804591        0.01981562
    10.0000000        0.40728187        0.01414080
