     0.0000000        0.62203264        0.00632056
     0.1000000        0.50840197        0.00565770
     0.2000000        0.42587171        0.00515802
     0.3000000        0.36401431        0.00482037
     0.4000000        0.31608738        0.00453561
     0.5000000        0.27870195        0.00442734
     0.6000000        0.24901685        0.00444219
     0.7000000        0.22415217        0.00409103
     0.8000000        0.20326904        0.00373871
     0.9000000        0.18497908        0.00345446
     1.0000000        0.16893576        0.00351725
     1.1000000        0.15536499        0.00359385
     1.2000000        0.14341181        0.00345161
     1.3000000        0.13259760        0.00374074
     1.4000000        0.12345477        0.00435049
     1.5000000        0.11470593        0.00513282
     1.6000000        0.10698298        0.00568932
     1.7000000        0.09989701        0.00625813
     1.8000000        0.09403945        0.00666445
     1.9000000        0.08858299        0.00726936
     2.0000000        0.08365381        0.00778906
     2.1000000        0.07721793        0.00665380
     2.2000000        0.07151964        0.00588388
     2.3000000        0.06630810        0.00544326
     2.4000000        0.06246043        0.00545874
     2.5000000        0.05873438        0.00569904
     2.6000000        0.05682974        0.00642636
     2.7000000        0.05363165        0.00616491
     2.8000000        0.05116422        0.00693316
     2.9000000        0.04818052        0.00607846
     3.0000000        0.04619040        0.00601392
     3.1000000        0.04361183        0.00543676
     3.2000000        0.04114669        0.00504602
     3.3000000        0.03864418        0.00447330
     3.4000000        0.03668022        0.00435962
     3.5000000        0.03382677        0.00357542
     3.6000000        0.03138015        0.00328300
     3.7000000        0.02969213        0.00269750
     3.8000000        0.02880995        0.00232496
     3.9000000        0.02706452        0.00202494
     4.0000000        0.02551233        0.00192228
     4.1000000        0.02448551        0.00189960
     4.2000000        0.02462726        0.00180379
     4.3000000        0.02454854        0.00191129
     4.4000000        0.02334624        0.00205457
     4.5000000        0.02269393        0.00236432
     4.6000000        0.02162256        0.00259271
     4.7000000        0.02122432        0.00248916
     4.8000000        0.02190448        0.00275790
     4.9000000        0.02242648        0.00285366
     5.0000000        0.02370533        0.00342924
     5.1000000        0.02475740        0.00432017
     5.2000000        0.02581681        0.00448379
     5.3000000        0.02647625        0.00427046
     5.4000000        0.02566979        0.00397605
     5.5000000        0.02521959        0.00378222
     5.6000000        0.02435516        0.00311550
     5.7000000        0.02399780        0.00278442
     5.8000000        0.02440707        0.00272996
     5.9000000        0.02504344        0.00247222
     6.0000000        0.02554360        0.00245418
     6.1000000        0.02721989        0.00263670
     6.2000000        0.02971411        0.00307076
     6.3000000        0.03145044        0.00337067
     6.4000000        0.03259598        0.00302880
     6.5000000        0.03355008        0.00271633
     6.6000000        0.03495409        0.00248561
     6.7000000        0.03806278        0.00294782
     6.8000000        0.04085614        0.00290661
     6.9000000        0.04373941        0.00306836
     7.0000000        0.04551716        0.00299452
     7.1000000        0.04722225        0.00264209
     7.2000000        0.04932838        0.00256649
     7.3000000        0.05254791        0.00270895
     7.4000000        0.05572034        0.00282205
     7.5000000        0.05963776        0.00318574
     7.6000000        0.06332068        0.00322834
     7.7000000        0.06732877        0.00293901
     7.8000000        0.07252234        0.00289451
     7.9000000        0.07741246        0.00300134
     8.0000000        0.08225313        0.00312875
     8.1000000        0.08795824        0.00338955
     8.2000000        0.09439486        0.00366875
     8.3000000        0.10124198        0.00382659
     8.4000000        0.10830502        0.00392540
     8.5000000        0.11685909        0.00387172
     8.6000000        0.12623922        0.00372770
     8.7000000        0.13630645        0.00391499
     8.8000000        0.14813333        0.00413918
     8.9000000        0.16092747        0.00429057
     9.0000000        0.17446778        0.00444960
     9.1000000        0.18990124        0.00460138
     9.2000000        0.20865286        0.00487448
     9.3000000        0.23020478        0.00516264
     9.4000000        0.25469210        0.00553111
     9.5000000        0.28449416        0.00582490
     9.6000000        0.32238119        0.00615373
     9.7000000        0.36935502        0.00640340
     9.8000000        0.43032450        0.00667882
     9.9000000        0.51136912        0.00677158
    10.0000000        0.62203264        0.00632056
