     0.0000000        0.46914290        0.05560043
     0.1000000        0.28103428        0.05081253
     0.2000000        0.16945334        0.04764732
     0.3000000        0.10273590        0.04584773
     0.4000000        0.06237500        0.04109224
     0.5000000        0.03723475        0.03656224
     0.6000000        0.02277839        0.03387513
     0.7000000        0.01226023        0.03363796
     0.8000000        0.00471569        0.03203423
     0.9000000       -0.00223087        0.03182268
     1.0000000       -0.00487037        0.02942274
     1.1000000       -0.00779390        0.02927057
     1.2000000       -0.00995770        0.03226514
     1.3000000       -0.00857605        0.02963168
     1.4000000       -0.01034066        0.03282067
     1.5000000       -0.01281360        0.03580526
     1.6000000       -0.01614550        0.04053402
     1.7000000       -0.01567589        0.03918208
     1.8000000       -0.01521738        0.03466100
     1.9000000       -0.01322256        0.02849075
     2.0000000       -0.01258380        0.02372981
     2.1000000       -0.01195514        0.02240205
     2.2000000       -0.01183205        0.02166378
     2.3000000       -0.01071565        0.01944574
     2.4000000       -0.00955973        0.02092236
     2.5000000       -0.01079209        0.02011301
     2.6000000       -0.01209901        0.01893957
     2.7000000       -0.01246009        0.01938145
     2.8000000       -0.01356232        0.01911751
     2.9000000       -0.01510576        0.01936694
     3.0000000       -0.01863671        0.01954854
     3.1000000       -0.01831594        0.02359198
     3.2000000       -0.01816909        0.02662681
     3.3000000       -0.01597437        0.02658743
     3.4000000       -0.01187257        0.02211794
     3.5000000       -0.01054042        0.02050720
     3.6000000       -0.00937268        0.02134241
     3.7000000       -0.01125747        0.02368342
     3.8000000       -0.01159700        0.02535475
     3.9000000       -0.01239846        0.02649697
     4.0000000       -0.01371314        0.02752381
     4.1000000       -0.01610687        0.02807321
     4.2000000       -0.01785783        0.03208966
     4.3000000       -0.02103411        0.03423203
     4.4000000       -0.02320927        0.03433538
     4.5000000       -0.02237989        0.03082841
     4.6000000       -0.02411491        0.03323840
     4.7000000       -0.02326012        0.03238364
     4.8000000       -0.02388713        0.03444032
     4.9000000       -0.02657319        0.03910306
     5.0000000       -0.03091128        0.04258346
     5.1000000       -0.03347924        0.04527280
     5.2000000       -0.03408816        0.04579208
     5.3000000       -0.03550394        0.04736821
     5.4000000       -0.03472285        0.04539137
     5.5000000       -0.03155148        0.04417974
     5.6000000       -0.03242204        0.04890017
     5.7000000       -0.03169383        0.04896575
     5.8000000       -0.03335325        0.05434098
     5.9000000       -0.03170159        0.05631203
     6.0000000       -0.02883142        0.05330895
     6.1000000       -0.02984175        0.05516622
     6.2000000       -0.03011530        0.05574326
     6.3000000       -0.03165421        0.06104268
     6.4000000       -0.03080767        0.06083654
     6.5000000       -0.03282634        0.05880503
     6.6000000       -0.03525159        0.05967545
     6.7000000       -0.03558157        0.05990435
     6.8000000       -0.03002290        0.05323392
     6.9000000       -0.02663915        0.04819923
     7.0000000       -0.02628797        0.04808002
     7.1000000       -0.02630779        0.04959313
     7.2000000       -0.02612023        0.04943341
     7.3000000       -0.02870601        0.05446394
     7.4000000       -0.03147101        0.05899068
     7.5000000       -0.03107687        0.05815641
     7.6000000       -0.02997900        0.05731496
     7.7000000       -0.02887190        0.05526445
     7.8000000       -0.02943944        0.05828815
     7.9000000       -0.02358975        0.05227250
     8.0000000       -0.01966629        0.04783957
     8.1000000       -0.01667072        0.04450156
     8.2000000       -0.01644378        0.04305742
     8.3000000       -0.01795233        0.04152574
     8.4000000       -0.01866266        0.03965563
     8.5000000       -0.01918125        0.04171078
     8.6000000       -0.02006307        0.04497650
     8.7000000       -0.01957342        0.04562875
     8.8000000       -0.02024385        0.04720977
     8.9000000       -0.02247398        0.04913218
     9.0000000       -0.02291683        0.05081396
     9.1000000       -0.02625209        0.06140179
     9.2000000       -0.03007773        0.07394345
     9.3000000       -0.02147816        0.07193576
     9.4000000       -0.00558241        0.06465337
     9.5000000        0.01189910        0.06316418
     9.6000000        0.03907619        0.06415536
     9.7000000        0.07826685        0.06773651
     9.8000000        0.14586022        0.07111540
     9.9000000        0.26972059        0.05924131
    10.0000000        0.46914290        0.05560043
