     0.0000000        0.28798649        0.03108902
     0.1000000        0.13816273        0.02808066
     0.2000000        0.07174365        0.02672542
     0.3000000        0.04234196        0.02208415
     0.4000000        0.02728273        0.02252596
     0.5000000        0.01659062        0.02237779
     0.6000000        0.01291754        0.02139743
     0.7000000        0.01108962        0.01476663
     0.8000000        0.00660330        0.00823773
     0.9000000        0.00505025        0.00765886
     1.0000000        0.00364555        0.00927361
     1.1000000        0.00719221        0.01176311
     1.2000000        0.00849817        0.01226355
     1.3000000        0.01061723        0.01387821
     1.4000000        0.01373414        0.01477792
     1.5000000        0.01342265        0.01095930
     1.6000000        0.01273379        0.00816906
     1.7000000        0.01367264        0.00136126
     1.8000000        0.01127977        0.00048757
     1.9000000        0.01160441        0.00539085
     2.0000000        0.01445162        0.00973359
     2.1000000        0.01296317        0.00758834
     2.2000000        0.00802041        0.00173069
     2.3000000        0.00476425        0.00524692
     2.4000000        0.00595081        0.01171015
     2.5000000        0.01183133        0.01095985
     2.6000000        0.01259583        0.01207328
     2.7000000        0.01089278        0.02113085
     2.8000000        0.01250103        0.02158371
     2.9000000        0.01244744        0.01345403
     3.0000000        0.00875040        0.00779134
     3.1000000        0.01062450        0.00849880
     3.2000000        0.00608500        0.01128901
     3.3000000        0.00650787        0.01449666
     3.4000000        0.00351063        0.01376682
     3.5000000       -0.00179080        0.01474036
     3.6000000       -0.00645346        0.01291440
     3.7000000       -0.00693602        0.01637867
     3.8000000       -0.00430018        0.00583056
     3.9000000       -0.00296623        0.00279169
     4.0000000       -0.00367795        0.00324467
     4.1000000       -0.00615170        0.00119131
     4.2000000       -0.00622441        0.00230368
     4.3000000       -0.00343484        0.00324352
     4.4000000       -0.00646693        0.00106533
     4.5000000       -0.00525155        0.00413368
     4.6000000       -0.00445175        0.00640443
     4.7000000       -0.00431625        0.01323257
     4.8000000       -0.00222529        0.01982952
     4.9000000       -0.00177593        0.01375658
     5.0000000        0.00018464        0.01156332
     5.1000000        0.00107057        0.00381533
     5.2000000       -0.00053978        0.00482984
     5.3000000       -0.00292236        0.00424435
     5.4000000        0.00028052        0.00495874
     5.5000000       -0.00151182        0.00741235
     5.6000000       -0.00390111        0.00799840
     5.7000000       -0.00317762        0.00634671
     5.8000000       -0.00111038        0.00134324
     5.9000000        0.00015932        0.01016981
     6.0000000        0.00162357        0.01071061
     6.1000000        0.00102383        0.00647494
     6.2000000       -0.00019257        0.00571702
     6.3000000       -0.00017778        0.00292095
     6.4000000        0.00054606        0.00170755
     6.5000000       -0.00398867        0.00142718
     6.6000000       -0.00572029        0.00965377
     6.7000000       -0.00266010        0.00063076
     6.8000000        0.00178546        0.00012949
     6.9000000        0.00198116        0.00621297
     7.0000000       -0.00051298        0.00016600
     7.1000000       -0.00124293        0.00230054
     7.2000000       -0.00336932        0.00155652
     7.3000000        0.00093534        0.00672004
     7.4000000        0.00307688        0.00837802
     7.5000000        0.00471664        0.00898966
     7.6000000        0.00736074        0.00443008
     7.7000000        0.00781651        0.00204927
     7.8000000        0.00317193        0.00015573
     7.9000000        0.00620583        0.00229328
     8.0000000        0.01018734        0.00392806
     8.1000000        0.01310962        0.00221466
     8.2000000        0.01315630        0.00077265
     8.3000000        0.01330911        0.00139351
     8.4000000        0.01396512        0.00405831
     8.5000000        0.01697656        0.00196947
     8.6000000        0.02016427        0.00650659
     8.7000000        0.02258537        0.01073778
     8.8000000        0.01853499        0.00972539
     8.9000000        0.01596717        0.01246206
     9.0000000        0.01605277        0.00934078
     9.1000000        0.01881710        0.00911318
     9.2000000        0.02013157        0.00963609
     9.3000000        0.02443867        0.00555983
     9.4000000        0.02178607        0.00335266
     9.5000000        0.02594343        0.00831535
     9.6000000        0.03183640        0.01266450
     9.7000000        0.04218451        0.01252594
     9.8000000        0.07254261        0.01722531
     9.9000000        0.14119631        0.01962855
    10.0000000        0.28798649        0.03108902
