     0.0000000        0.48971524        0.02382002
     0.1000000        0.29813661        0.01959357
     0.2000000        0.18158510        0.02147727
     0.3000000        0.10925956        0.02365284
     0.4000000        0.06867500        0.02075979
     0.5000000        0.04360092        0.01998846
     0.6000000        0.02810901        0.02299381
     0.7000000        0.01717578        0.02199021
     0.8000000        0.00886238        0.01998364
     0.9000000        0.00257384        0.02171988
     1.0000000        0.00111537        0.01584199
     1.1000000       -0.00144668        0.02021026
     1.2000000       -0.00336419        0.02216173
     1.3000000       -0.00148268        0.02350430
     1.4000000       -0.00363049        0.02918069
     1.5000000       -0.00385016        0.02984948
     1.6000000       -0.00527731        0.03183946
     1.7000000       -0.00685902        0.03028998
     1.8000000       -0.00957177        0.02202621
     1.9000000       -0.00921181        0.01400242
     2.0000000       -0.00777138        0.01257288
     2.1000000       -0.00544928        0.01018590
     2.2000000       -0.00161422        0.01204894
     2.3000000        0.00416436        0.01256059
     2.4000000        0.00395348        0.01567661
     2.5000000        0.00111525        0.01752860
     2.6000000        0.00140976        0.02010643
     2.7000000        0.00069164        0.01900324
     2.8000000        0.00051328        0.01542954
     2.9000000       -0.00133896        0.01417853
     3.0000000       -0.00331164        0.01403159
     3.1000000       -0.00915555        0.01465485
     3.2000000       -0.01359475        0.01669451
     3.3000000       -0.01340593        0.01498428
     3.4000000       -0.00983472        0.01388178
     3.5000000       -0.00654629        0.01343274
     3.6000000       -0.00549474        0.01758555
     3.7000000       -0.00932971        0.01903281
     3.8000000       -0.01217169        0.01924473
     3.9000000       -0.01347332        0.01958711
     4.0000000       -0.01363244        0.01945059
     4.1000000       -0.01381819        0.02259124
     4.2000000       -0.01488181        0.02269383
     4.3000000       -0.01491677        0.02115963
     4.4000000       -0.01773255        0.01996835
     4.5000000       -0.01703611        0.01781174
     4.6000000       -0.01758102        0.01725757
     4.7000000       -0.01700307        0.01444967
     4.8000000       -0.01625645        0.01287894
     4.9000000       -0.01575980        0.01581161
     5.0000000       -0.01694755        0.02079271
     5.1000000       -0.01905600        0.02278883
     5.2000000       -0.02009269        0.02391854
     5.3000000       -0.02127148        0.02661029
     5.4000000       -0.01621955        0.02452177
     5.5000000       -0.01119145        0.02204652
     5.6000000       -0.00851189        0.02102181
     5.7000000       -0.00543919        0.01534810
     5.8000000       -0.00572785        0.01484524
     5.9000000       -0.00555758        0.01769249
     6.0000000       -0.00527270        0.01733785
     6.1000000       -0.00314458        0.01824976
     6.2000000       -0.00321402        0.02336273
     6.3000000       -0.00215951        0.02789065
     6.4000000       -0.00223627        0.02949188
     6.5000000       -0.00357226        0.02929567
     6.6000000       -0.00528486        0.02680616
     6.7000000       -0.00501357        0.02578616
     6.8000000       -0.00456600        0.02261926
     6.9000000       -0.00391375        0.01684725
     7.0000000       -0.00674977        0.01720400
     7.1000000       -0.00826712        0.01624559
     7.2000000       -0.01142421        0.01798693
     7.3000000       -0.01268155        0.01656512
     7.4000000       -0.01536434        0.01775598
     7.5000000       -0.01332800        0.01145978
     7.6000000       -0.01302260        0.00876495
     7.7000000       -0.01329168        0.00874923
     7.8000000       -0.01136113        0.00857241
     7.9000000       -0.00860075        0.00436767
     8.0000000       -0.00308797        0.00203197
     8.1000000       -0.00063454        0.00001407
     8.2000000       -0.00358392        0.00341710
     8.3000000       -0.00703098        0.00953506
     8.4000000       -0.01125488        0.01584582
     8.5000000       -0.01361974        0.02207647
     8.6000000       -0.01676661        0.02773319
     8.7000000       -0.01895778        0.03577028
     8.8000000       -0.01739100        0.03342386
     8.9000000       -0.01824369        0.03605780
     9.0000000       -0.01599629        0.03841344
     9.1000000       -0.01620758        0.04620168
     9.2000000       -0.01202718        0.04872566
     9.3000000        0.00144174        0.04037045
     9.4000000        0.01789422        0.02889393
     9.5000000        0.03843046        0.02597084
     9.6000000        0.06420963        0.02848536
     9.7000000        0.10638134        0.02917650
     9.8000000        0.17691292        0.02947974
     9.9000000        0.29681897        0.02354671
    10.0000000        0.48971524        0.02382002
