     0.0000000        0.69412229        0.01117715
     0.1000000        0.51288268        0.00940728
     0.2000000        0.40171068        0.00831545
     0.3000000        0.32893114        0.00698410
     0.4000000        0.27875530        0.00571315
     0.5000000        0.24210165        0.00607724
     0.6000000        0.21310139        0.00716381
     0.7000000        0.18896866        0.00692388
     0.8000000        0.16977293        0.00736192
     0.9000000        0.15354237        0.00689575
     1.0000000        0.13962650        0.00708063
     1.1000000        0.12743082        0.00627800
     1.2000000        0.11800498        0.00628578
     1.3000000        0.10880238        0.00590318
     1.4000000        0.10107924        0.00555785
     1.5000000        0.09452344        0.00542058
     1.6000000        0.08906303        0.00421491
     1.7000000        0.08395892        0.00468438
     1.8000000        0.08008897        0.00498424
     1.9000000        0.07651500        0.00439540
     2.0000000        0.07336908        0.00487437
     2.1000000        0.07074990        0.00512577
     2.2000000        0.06760095        0.00479503
     2.3000000        0.06486899        0.00411749
     2.4000000        0.06230001        0.00294093
     2.5000000        0.06030391        0.00189689
     2.6000000        0.05796685        0.00162262
     2.7000000        0.05575685        0.00117504
     2.8000000        0.05352831        0.00164499
     2.9000000        0.05196398        0.00139360
     3.0000000        0.05001609        0.00104595
     3.1000000        0.04873979        0.00136100
     3.2000000        0.04782683        0.00068245
     3.3000000        0.04696201        0.00069159
     3.4000000        0.04645213        0.00184491
     3.5000000        0.04604131        0.00226016
     3.6000000        0.04529817        0.00251115
     3.7000000        0.04451414        0.00253952
     3.8000000        0.04351828        0.00215724
     3.9000000        0.04257006        0.00125154
     4.0000000        0.04267268        0.00107384
     4.1000000        0.04243983        0.00148540
     4.2000000        0.04252053        0.00184122
     4.3000000        0.04153665        0.00214544
     4.4000000        0.04052639        0.00203829
     4.5000000        0.03961256        0.00153707
     4.6000000        0.03839653        0.00129328
     4.7000000        0.03791727        0.00150741
     4.8000000        0.03801581        0.00141208
     4.9000000        0.03824819        0.00084048
     5.0000000        0.03812866        0.00077415
     5.1000000        0.03822905        0.00111033
     5.2000000        0.03805541        0.00154382
     5.3000000        0.03816536        0.00187500
     5.4000000        0.03908653        0.00245558
     5.5000000        0.04000111        0.00300501
     5.6000000        0.04097242        0.00343911
     5.7000000        0.04106305        0.00300249
     5.8000000        0.04150975        0.00245665
     5.9000000        0.04138167        0.00192326
     6.0000000        0.04146027        0.00176123
     6.1000000        0.04222785        0.00173584
     6.2000000        0.04286892        0.00195275
     6.3000000        0.04332273        0.00172368
     6.4000000        0.04433903        0.00194271
     6.5000000        0.04547280        0.00125306
     6.6000000        0.04647737        0.00040122
     6.7000000        0.04798071        0.00035387
     6.8000000        0.04919215        0.00017729
     6.9000000        0.05069377        0.00017549
     7.0000000        0.05205474        0.00037632
     7.1000000        0.05371726        0.00018545
     7.2000000        0.05479972        0.00025433
     7.3000000        0.05680879        0.00005389
     7.4000000        0.05892834        0.00085015
     7.5000000        0.06099445        0.00106881
     7.6000000        0.06303396        0.00119643
     7.7000000        0.06465422        0.00053589
     7.8000000        0.06732746        0.00066459
     7.9000000        0.06993154        0.00040328
     8.0000000        0.07333718        0.00128154
     8.1000000        0.07751068        0.00078312
     8.2000000        0.08242451        0.00002239
     8.3000000        0.08811698        0.00085217
     8.4000000        0.09318892        0.00306247
     8.5000000        0.09713954        0.00247875
     8.6000000        0.10310015        0.00205651
     8.7000000        0.10962071        0.00140567
     8.8000000        0.11811786        0.00240618
     8.9000000        0.12951758        0.00406771
     9.0000000        0.14143009        0.00580900
     9.1000000        0.15520554        0.00766841
     9.2000000        0.17119590        0.00914666
     9.3000000        0.18962860        0.00959779
     9.4000000        0.21380296        0.01009115
     9.5000000        0.24403855        0.01099122
     9.6000000        0.28224795        0.01403117
     9.7000000        0.33219067        0.01363752
     9.8000000        0.40552480        0.01417805
     9.9000000        0.51342638        0.01360780
    10.0000000        0.69412229        0.01117715
