     0.0000000        1.25201895        0.04261036
     0.1000000        1.02956044        0.04499047
     0.2000000        0.85601891        0.04377835
     0.3000000        0.71899754        0.04187357
     0.4000000        0.61002511        0.03860396
     0.5000000        0.52147179        0.03390553
     0.6000000        0.44849766        0.03050139
     0.7000000        0.39011146        0.02944942
     0.8000000        0.34136102        0.02665526
     0.9000000        0.29978241        0.02475320
     1.0000000        0.26611094        0.02221165
     1.1000000        0.23772971        0.02063884
     1.2000000        0.21338050        0.01941996
     1.3000000        0.19142561        0.01605331
     1.4000000        0.17386070        0.01531812
     1.5000000        0.15915075        0.01576697
     1.6000000        0.14619701        0.01667435
     1.7000000        0.13240210        0.01401843
     1.8000000        0.11738570        0.00721655
     1.9000000        0.10601722        0.00592158
     2.0000000        0.09878122        0.00645138
     2.1000000        0.09398673        0.00880645
     2.2000000        0.08948916        0.01173829
     2.3000000        0.08392911        0.01304770
     2.4000000        0.07777890        0.01216577
     2.5000000        0.07248204        0.01093430
     2.6000000        0.06965606        0.01124562
     2.7000000        0.06725037        0.01346438
     2.8000000        0.06493946        0.01432950
     2.9000000        0.06389802        0.01730762
     3.0000000        0.06275505        0.01872713
     3.1000000        0.06085553        0.02237182
     3.2000000        0.05836770        0.02555433
     3.3000000        0.05511133        0.02491609
     3.4000000        0.05008798        0.02112614
     3.5000000        0.04665767        0.01827882
     3.6000000        0.04448758        0.01655694
     3.7000000        0.04549119        0.01954074
     3.8000000        0.04551971        0.02200616
     3.9000000        0.04545117        0.02334208
     4.0000000        0.04601468        0.02525000
     4.1000000        0.04785096        0.02810027
     4.2000000        0.04853007        0.03024839
     4.3000000        0.05230046        0.03622578
     4.4000000        0.05331635        0.03772038
     4.5000000        0.04841373        0.03017319
     4.6000000        0.04517303        0.02559944
     4.7000000        0.04197458        0.02209610
     4.8000000        0.04096658        0.02235411
     4.9000000        0.03958834        0.02295401
     5.0000000        0.03920584        0.02218916
     5.1000000        0.04010382        0.02230513
     5.2000000        0.03858448        0.01858305
     5.3000000        0.03730751        0.01479905
     5.4000000        0.03609796        0.01077510
     5.5000000        0.03386981        0.00721719
     5.6000000        0.03370401        0.00774441
     5.7000000        0.03731645        0.01248899
     5.8000000        0.04685847        0.02394904
     5.9000000        0.04979016        0.02707643
     6.0000000        0.04816697        0.02338686
     6.1000000        0.04958612        0.02269636
     6.2000000        0.05323234        0.02461052
     6.3000000        0.05537267        0.02697382
     6.4000000        0.05307009        0.02284568
     6.5000000        0.05409440        0.02172346
     6.6000000        0.05545814        0.02373346
     6.7000000        0.05885788        0.02787172
     6.8000000        0.05825086        0.02550340
     6.9000000        0.05614733        0.02053604
     7.0000000        0.05962382        0.02317417
     7.1000000        0.06438803        0.02411778
     7.2000000        0.07078734        0.02800104
     7.3000000        0.07909614        0.03299118
     7.4000000        0.08705349        0.03667323
     7.5000000        0.08994706        0.03392120
     7.6000000        0.09300563        0.03042891
     7.7000000        0.09914817        0.03041089
     7.8000000        0.10651699        0.03306694
     7.9000000        0.10756879        0.02482937
     8.0000000        0.11079789        0.01887178
     8.1000000        0.11503944        0.01410591
     8.2000000        0.12321078        0.01356202
     8.3000000        0.13446929        0.01478391
     8.4000000        0.14575909        0.01378311
     8.5000000        0.15926575        0.01399063
     8.6000000        0.17237787        0.01175814
     8.7000000        0.18653996        0.00750520
     8.8000000        0.20980670        0.01071499
     8.9000000        0.23594774        0.01270269
     9.0000000        0.26337472        0.01296565
     9.1000000        0.29489774        0.01166929
     9.2000000        0.33241362        0.01009270
     9.3000000        0.38559454        0.02088587
     9.4000000        0.44785234        0.02982402
     9.5000000        0.52032557        0.03431876
     9.6000000        0.60850345        0.03737429
     9.7000000        0.72051066        0.04310309
     9.8000000        0.86019017        0.04900176
     9.9000000        1.03049552        0.04547168
    10.0000000        1.25201895        0.04261036
