     0.0000000        0.38279482        0.00759920
     0.1000000        0.28770274        0.00774917
     0.2000000        0.21979896        0.00698976
     0.3000000        0.17032498        0.00679910
     0.4000000        0.13376002        0.00409334
     0.5000000        0.10603465        0.00264894
     0.6000000        0.08481960        0.00312055
     0.7000000        0.06703005        0.00391361
     0.8000000        0.05309355        0.00578342
     0.9000000        0.04316329        0.00669248
     1.0000000        0.03471274        0.00745061
     1.1000000        0.02744878        0.00689490
     1.2000000        0.02221033        0.00627723
     1.3000000        0.01784668        0.00513095
     1.4000000        0.01439650        0.00315400
     1.5000000        0.01086164        0.00236637
     1.6000000        0.00849275        0.00099007
     1.7000000        0.00722942        0.00015558
     1.8000000        0.00611194        0.00081614
     1.9000000        0.00509622        0.00180812
     2.0000000        0.00444079        0.00170584
     2.1000000        0.00336661        0.00183156
     2.2000000        0.00197676        0.00243453
     2.3000000        0.00078240        0.00294782
     2.4000000        0.00018740        0.00305863
     2.5000000       -0.00060910        0.00287470
     2.6000000       -0.00156717        0.00266426
     2.7000000       -0.00134025        0.00299581
     2.8000000       -0.00151902        0.00245026
     2.9000000       -0.00179632        0.00270577
     3.0000000       -0.00249548        0.00149280
     3.1000000       -0.00215931        0.00058408
     3.2000000       -0.00268552        0.00007708
     3.3000000       -0.00242684        0.00010715
     3.4000000       -0.00219300        0.00011325
     3.5000000       -0.00182300        0.00068799
     3.6000000       -0.00135875        0.00047454
     3.7000000       -0.00120153        0.00021080
     3.8000000       -0.00099068        0.00012031
     3.9000000       -0.00122761        0.00067991
     4.0000000       -0.00112969        0.00092553
     4.1000000       -0.00096890        0.00074374
     4.2000000       -0.00089826        0.00080213
     4.3000000       -0.00080203        0.00129688
     4.4000000       -0.00066981        0.00126665
     4.5000000       -0.00060715        0.00140662
     4.6000000       -0.00054908        0.00109447
     4.7000000       -0.00012680        0.00141199
     4.8000000        0.00032731        0.00175930
     4.9000000        0.00055070        0.00203500
     5.0000000        0.00036127        0.00236384
     5.1000000        0.00015203        0.00148540
     5.2000000        0.00010200        0.00117342
     5.3000000        0.00023365        0.00146417
     5.4000000        0.00069116        0.00101508
     5.5000000        0.00082232        0.00004362
     5.6000000        0.00074776        0.00093006
     5.7000000        0.00055648        0.00143322
     5.8000000        0.00102196        0.00182165
     5.9000000        0.00108942        0.00180859
     6.0000000        0.00087597        0.00098963
     6.1000000        0.00063708        0.00059880
     6.2000000        0.00071820        0.00023516
     6.3000000        0.00081612        0.00010807
     6.4000000        0.00043318        0.00022324
     6.5000000        0.00035517        0.00003272
     6.6000000       -0.00007590        0.00018684
     6.7000000       -0.00014101        0.00064615
     6.8000000       -0.00022163        0.00104644
     6.9000000       -0.00038270        0.00061719
     7.0000000       -0.00076651        0.00094161
     7.1000000       -0.00090018        0.00235528
     7.2000000       -0.00028915        0.00229638
     7.3000000        0.00095153        0.00195270
     7.4000000        0.00001276        0.00130990
     7.5000000       -0.00020431        0.00108974
     7.6000000        0.00006850        0.00159286
     7.7000000       -0.00041949        0.00207276
     7.8000000       -0.00048954        0.00275033
     7.9000000       -0.00010246        0.00305026
     8.0000000        0.00077328        0.00355559
     8.1000000        0.00215974        0.00325522
     8.2000000        0.00358869        0.00387105
     8.3000000        0.00608616        0.00421023
     8.4000000        0.00808863        0.00355793
     8.5000000        0.00961631        0.00492879
     8.6000000        0.01202901        0.00539202
     8.7000000        0.01515112        0.00617801
     8.8000000        0.01947641        0.00578042
     8.9000000        0.02549816        0.00431451
     9.0000000        0.03207475        0.00352525
     9.1000000        0.03979692        0.00168300
     9.2000000        0.05013148        0.00055769
     9.3000000        0.06352983        0.00010045
     9.4000000        0.08243815        0.00124824
     9.5000000        0.10547717        0.00210662
     9.6000000        0.13369651        0.00457531
     9.7000000        0.17183363        0.00660973
     9.8000000        0.22127630        0.00715142
     9.9000000        0.28754919        0.00859580
    10.0000000        0.38279482        0.00759920
