     0.0000000        3.31203867        0.20740536
     0.1000000        3.06250735        0.19563105
     0.2000000        2.86813318        0.18564153
     0.3000000        2.71430591        0.17923424
     0.4000000        2.58952233        0.16605902
     0.5000000        2.47860764        0.14898301
     0.6000000        2.38061501        0.13143317
     0.7000000        2.30498593        0.13035667
     0.8000000        2.24269080        0.13059776
     0.9000000        2.19419140        0.13341414
     1.0000000        2.14411207        0.12895388
     1.1000000        2.10498566        0.13160776
     1.2000000        2.06686959        0.13207491
     1.3000000        2.03325528        0.11357083
     1.4000000        2.00798161        0.12159557
     1.5000000        1.98607162        0.13795891
     1.6000000        1.96969622        0.16151225
     1.7000000        1.94235465        0.16296171
     1.8000000        1.91875230        0.15273380
     1.9000000        1.88376108        0.13856500
     2.0000000        1.85322397        0.11885153
     2.1000000        1.82421311        0.11447477
     2.2000000        1.79993816        0.09748313
     2.3000000        1.77446259        0.08575116
     2.4000000        1.74438939        0.07767257
     2.5000000        1.73208631        0.06662705
     2.6000000        1.72691511        0.05690200
     2.7000000        1.72323780        0.06446391
     2.8000000        1.71971647        0.07799861
     2.9000000        1.71406248        0.07661175
     3.0000000        1.71196921        0.08285529
     3.1000000        1.69585407        0.10054561
     3.2000000        1.68522622        0.12437224
     3.3000000        1.66969989        0.14556873
     3.4000000        1.64596348        0.14034958
     3.5000000        1.62155472        0.13053825
     3.6000000        1.60521319        0.12304384
     3.7000000        1.60331448        0.14257986
     3.8000000        1.59987705        0.15991680
     3.9000000        1.59633136        0.17844103
     4.0000000        1.59828237        0.19423290
     4.1000000        1.61324413        0.21131097
     4.2000000        1.61975064        0.23062555
     4.3000000        1.62501043        0.24082894
     4.4000000        1.62176862        0.24996537
     4.5000000        1.60089494        0.23156471
     4.6000000        1.60295693        0.24297101
     4.7000000        1.59391895        0.23540197
     4.8000000        1.60694511        0.25731536
     4.9000000        1.62717196        0.29304537
     5.0000000        1.65198734        0.33608197
     5.1000000        1.68101243        0.39118117
     5.2000000        1.68851133        0.40638787
     5.3000000        1.71317998        0.42959073
     5.4000000        1.71584623        0.42434388
     5.5000000        1.70572918        0.41204015
     5.6000000        1.71833762        0.42894852
     5.7000000        1.72463774        0.43144833
     5.8000000        1.74798643        0.45265190
     5.9000000        1.75330583        0.44978180
     6.0000000        1.74882081        0.43765482
     6.1000000        1.76370304        0.44650089
     6.2000000        1.76712699        0.43910429
     6.3000000        1.77798959        0.43813517
     6.4000000        1.78168352        0.41101285
     6.5000000        1.78821232        0.37509896
     6.6000000        1.80269524        0.36461338
     6.7000000        1.81827468        0.35301410
     6.8000000        1.82145201        0.32589927
     6.9000000        1.82468891        0.31357573
     7.0000000        1.83728844        0.31595287
     7.1000000        1.86342380        0.34618950
     7.2000000        1.88587077        0.36003661
     7.3000000        1.91760119        0.39325225
     7.4000000        1.95678090        0.42823179
     7.5000000        1.98325569        0.43835577
     7.6000000        1.98740755        0.42532420
     7.7000000        1.99424651        0.40678887
     7.8000000        2.03351220        0.43568427
     7.9000000        2.02777448        0.39546713
     8.0000000        2.04107062        0.37852835
     8.1000000        2.05889604        0.36218348
     8.2000000        2.07486373        0.34016045
     8.3000000        2.08502220        0.30733403
     8.4000000        2.09911578        0.27799755
     8.5000000        2.11934384        0.28179260
     8.6000000        2.14973664        0.29369877
     8.7000000        2.18100619        0.28630327
     8.8000000        2.22220133        0.27340717
     8.9000000        2.27824807        0.28487137
     9.0000000        2.33823754        0.29415039
     9.1000000        2.42578578        0.34640806
     9.2000000        2.53114905        0.42017127
     9.3000000        2.58271819        0.39033947
     9.4000000        2.61611793        0.33073078
     9.5000000        2.68508341        0.31550832
     9.6000000        2.76703579        0.31130571
     9.7000000        2.87564653        0.30101281
     9.8000000        3.00611472        0.28552065
     9.9000000        3.12647848        0.23236411
    10.0000000        3.31203867        0.20740536
