     0.0000000        1.01285705        0.00657205
     0.1000000        0.88545985        0.00640974
     0.2000000        0.78595451        0.00639371
     0.3000000        0.69820275        0.00539574
     0.4000000        0.62978158        0.00585039
     0.5000000        0.56398274        0.00556940
     0.6000000        0.50956239        0.00547816
     0.7000000        0.45835395        0.00530212
     0.8000000        0.41887438        0.00478526
     0.9000000        0.38027610        0.00590995
     1.0000000        0.34163232        0.00658013
     1.1000000        0.30875340        0.00570417
     1.2000000        0.28002846        0.00578328
     1.3000000        0.25244641        0.00569474
     1.4000000        0.22688862        0.00474704
     1.5000000        0.20592596        0.00532302
     1.6000000        0.18297437        0.00538733
     1.7000000        0.16668430        0.00552522
     1.8000000        0.15430929        0.00564804
     1.9000000        0.14020856        0.00388024
     2.0000000        0.12497801        0.00419864
     2.1000000        0.11295810        0.00336688
     2.2000000        0.09990383        0.00399897
     2.3000000        0.09130739        0.00452219
     2.4000000        0.08168658        0.00390330
     2.5000000        0.07514892        0.00545711
     2.6000000        0.07020315        0.00438457
     2.7000000        0.06447103        0.00459736
     2.8000000        0.06104577        0.00387944
     2.9000000        0.05297397        0.00416975
     3.0000000        0.04883270        0.00456634
     3.1000000        0.04907901        0.00332669
     3.2000000        0.04593018        0.00362469
     3.3000000        0.04108803        0.00423036
     3.4000000        0.03782744        0.00349067
     3.5000000        0.03703114        0.00295820
     3.6000000        0.03641575        0.00449662
     3.7000000        0.03407193        0.00457711
     3.8000000        0.03320471        0.00426580
     3.9000000        0.02922418        0.00447028
     4.0000000        0.02706748        0.00512492
     4.1000000        0.02653429        0.00491838
     4.2000000        0.02935518        0.00494037
     4.3000000        0.03103816        0.00559730
     4.4000000        0.02945857        0.00471385
     4.5000000        0.02427300        0.00577298
     4.6000000        0.02220124        0.00675606
     4.7000000        0.02235763        0.00684440
     4.8000000        0.01839367        0.00581565
     4.9000000        0.02341420        0.00651882
     5.0000000        0.02532664        0.00718103
     5.1000000        0.02146660        0.00717349
     5.2000000        0.01721386        0.00673251
     5.3000000        0.02061969        0.00542332
     5.4000000        0.02083007        0.00494562
     5.5000000        0.02071399        0.00611620
     5.6000000        0.01806023        0.00566184
     5.7000000        0.02411058        0.00555501
     5.8000000        0.02036475        0.00517621
     5.9000000        0.01940132        0.00533212
     6.0000000        0.02137303        0.00549147
     6.1000000        0.02314359        0.00509254
     6.2000000        0.02346813        0.00554048
     6.3000000        0.02870899        0.00506229
     6.4000000        0.03367261        0.00533172
     6.5000000        0.03889392        0.00677324
     6.6000000        0.04200120        0.00694820
     6.7000000        0.04363447        0.00626870
     6.8000000        0.04796919        0.00549283
     6.9000000        0.04888371        0.00543696
     7.0000000        0.05512183        0.00561866
     7.1000000        0.05726873        0.00452561
     7.2000000        0.06469005        0.00397739
     7.3000000        0.07066397        0.00486927
     7.4000000        0.07598910        0.00530876
     7.5000000        0.08577660        0.00532921
     7.6000000        0.09027601        0.00541145
     7.7000000        0.10008614        0.00482570
     7.8000000        0.10845292        0.00468131
     7.9000000        0.11908785        0.00636392
     8.0000000        0.12938534        0.00672037
     8.1000000        0.14487365        0.00641657
     8.2000000        0.15991291        0.00590318
     8.3000000        0.17430219        0.00712406
     8.4000000        0.19711639        0.00657358
     8.5000000        0.21329010        0.00629044
     8.6000000        0.23135854        0.00644083
     8.7000000        0.25633146        0.00603702
     8.8000000        0.28390022        0.00521311
     8.9000000        0.31011464        0.00709037
     9.0000000        0.33601905        0.00740310
     9.1000000        0.37095116        0.00815130
     9.2000000        0.40847172        0.00733518
     9.3000000        0.45036141        0.00685899
     9.4000000        0.49788107        0.00521251
     9.5000000        0.55264247        0.00689082
     9.6000000        0.60968786        0.00629938
     9.7000000        0.67867963        0.00661833
     9.8000000        0.76161953        0.00703435
     9.9000000        0.86037848        0.00631944
    10.0000000        0.98714295        0.00657205
