     0.0000000        0.49194476        0.04254642
     0.1000000        0.29780405        0.04560118
     0.2000000        0.17984534        0.04450152
     0.3000000        0.10720028        0.04220594
     0.4000000        0.06430701        0.03763560
     0.5000000        0.03920666        0.03306473
     0.6000000        0.02412671        0.03084405
     0.7000000        0.01472991        0.03061811
     0.8000000        0.00832506        0.02604544
     0.9000000        0.00220792        0.02552074
     1.0000000       -0.00064024        0.02662008
     1.1000000       -0.00085507        0.02572512
     1.2000000       -0.00182404        0.02738065
     1.3000000       -0.00011779        0.02594123
     1.4000000       -0.00037929        0.02573361
     1.5000000       -0.00315719        0.02719672
     1.6000000       -0.00687476        0.02904654
     1.7000000       -0.00748040        0.02625658
     1.8000000       -0.00425788        0.01911081
     1.9000000       -0.00326480        0.01758355
     2.0000000       -0.00401518        0.01942300
     2.1000000       -0.00739526        0.02125966
     2.2000000       -0.00888843        0.02360852
     2.3000000       -0.00895845        0.02267445
     2.4000000       -0.00747378        0.02015231
     2.5000000       -0.00667281        0.01712575
     2.6000000       -0.00860614        0.01625122
     2.7000000       -0.01077652        0.01577870
     2.8000000       -0.01451887        0.01577464
     2.9000000       -0.01714067        0.01889324
     3.0000000       -0.01947904        0.01933469
     3.1000000       -0.01847647        0.02049396
     3.2000000       -0.01630230        0.02155797
     3.3000000       -0.01449497        0.01837676
     3.4000000       -0.00875720        0.01426084
     3.5000000       -0.00608470        0.01076915
     3.6000000       -0.00545880        0.00868035
     3.7000000       -0.00790791        0.01245396
     3.8000000       -0.01021580        0.01487054
     3.9000000       -0.01229710        0.01602349
     4.0000000       -0.01336618        0.02047749
     4.1000000       -0.01650225        0.02535363
     4.2000000       -0.01715564        0.03030668
     4.3000000       -0.02119981        0.03563888
     4.4000000       -0.02340480        0.03878757
     4.5000000       -0.02101736        0.03264757
     4.6000000       -0.01988770        0.03056665
     4.7000000       -0.01821207        0.02885548
     4.8000000       -0.01874017        0.03082261
     4.9000000       -0.01784796        0.03193772
     5.0000000       -0.01873180        0.02745870
     5.1000000       -0.02009091        0.02434706
     5.2000000       -0.01785043        0.01842701
     5.3000000       -0.01449728        0.01443598
     5.4000000       -0.01168887        0.01054442
     5.5000000       -0.00720925        0.00523623
     5.6000000       -0.00730878        0.00583603
     5.7000000       -0.01049038        0.00980259
     5.8000000       -0.01847151        0.02073687
     5.9000000       -0.01916647        0.02244224
     6.0000000       -0.01552707        0.02012797
     6.1000000       -0.01453171        0.02255578
     6.2000000       -0.01564833        0.02599333
     6.3000000       -0.01741023        0.03129439
     6.4000000       -0.01394127        0.02831724
     6.5000000       -0.01455432        0.02945391
     6.6000000       -0.01515348        0.03144750
     6.7000000       -0.01766389        0.03412221
     6.8000000       -0.01450593        0.03149838
     6.9000000       -0.00903489        0.02487085
     7.0000000       -0.00940617        0.02618540
     7.1000000       -0.01014820        0.02655484
     7.2000000       -0.01148026        0.03149932
     7.3000000       -0.01326291        0.03926244
     7.4000000       -0.01477576        0.04483288
     7.5000000       -0.01358663        0.04136373
     7.6000000       -0.01172303        0.03704993
     7.7000000       -0.01295076        0.03519108
     7.8000000       -0.01292545        0.03721043
     7.9000000       -0.00592254        0.02779985
     8.0000000       -0.00186318        0.01959710
     8.1000000        0.00246610        0.01129674
     8.2000000        0.00280499        0.00898999
     8.3000000        0.00135391        0.00786393
     8.4000000        0.00202935        0.00635612
     8.5000000        0.00142183        0.00548143
     8.6000000        0.00187132        0.00444149
     8.7000000        0.00320780        0.00127098
     8.8000000        0.00021375        0.00435494
     8.9000000       -0.00011238        0.00462951
     9.0000000        0.00250331        0.00581068
     9.1000000        0.00924077        0.00520402
     9.2000000        0.01791570        0.00428827
     9.3000000        0.02150221        0.01397033
     9.4000000        0.03035018        0.02250162
     9.5000000        0.04537765        0.02498734
     9.6000000        0.06913358        0.02855140
     9.7000000        0.10616595        0.03261253
     9.8000000        0.17326457        0.04081575
     9.9000000        0.29490012        0.04023734
    10.0000000        0.49194476        0.04254642
