     0.0000000        0.40661624        0.00652795
     0.1000000        0.18774058        0.00297784
     0.2000000        0.09612731        0.00002578
     0.3000000        0.05958106        0.00289112
     0.4000000        0.04361414        0.00163490
     0.5000000        0.02663207        0.00259063
     0.6000000        0.01625246        0.00488739
     0.7000000        0.00741549        0.00416685
     0.8000000        0.00587503        0.00404957
     0.9000000        0.00371250        0.00080445
     1.0000000        0.00461238        0.00387360
     1.1000000        0.00928569        0.00855606
     1.2000000        0.01543043        0.01845216
     1.3000000        0.01297300        0.01468321
     1.4000000        0.00666471        0.00584861
     1.5000000       -0.00130321        0.00724930
     1.6000000       -0.00302569        0.00819149
     1.7000000        0.00008513        0.00927522
     1.8000000        0.00256123        0.00934077
     1.9000000        0.00283215        0.00762389
     2.0000000        0.00321855        0.01185406
     2.1000000        0.00314538        0.00447643
     2.2000000        0.00373492        0.00123426
     2.3000000       -0.00034487        0.00288100
     2.4000000       -0.00392801        0.00496072
     2.5000000       -0.00571340        0.00501416
     2.6000000       -0.00177668        0.01022575
     2.7000000        0.00099716        0.00652081
     2.8000000       -0.00082292        0.00976513
     2.9000000       -0.00164638        0.00703978
     3.0000000        0.00034360        0.00631241
     3.1000000       -0.00186945        0.01092835
     3.2000000       -0.00542933        0.00230272
     3.3000000       -0.00807648        0.00019000
     3.4000000       -0.00577915        0.00234836
     3.5000000       -0.00503334        0.00068154
     3.6000000       -0.00922479        0.00146262
     3.7000000        0.00096230        0.00194587
     3.8000000       -0.00001442        0.00334547
     3.9000000       -0.00180391        0.00139043
     4.0000000       -0.00426972        0.00076193
     4.1000000       -0.00197727        0.00119642
     4.2000000       -0.00321094        0.00046001
     4.3000000        0.00036114        0.00481568
     4.4000000        0.00024828        0.00529739
     4.5000000        0.00391482        0.00368896
     4.6000000        0.00831963        0.00441275
     4.7000000        0.00331427        0.00060402
     4.8000000        0.00264932        0.00157489
     4.9000000        0.00458245        0.00178615
     5.0000000        0.00569720        0.00051519
     5.1000000        0.00832672        0.00282774
     5.2000000        0.00615536        0.00860911
     5.3000000        0.00102573        0.00944326
     5.4000000        0.00456975        0.00626419
     5.5000000        0.00916479        0.00828349
     5.6000000        0.00519115        0.00123157
     5.7000000        0.00271349        0.00167823
     5.8000000        0.00358863        0.00308262
     5.9000000        0.00495965        0.00996433
     6.0000000        0.00029906        0.01280243
     6.1000000       -0.00210038        0.00350154
     6.2000000       -0.00302288        0.00101819
     6.3000000        0.00164310        0.00656293
     6.4000000        0.00702180        0.00130534
     6.5000000        0.00792157        0.00173781
     6.6000000        0.00325366        0.00616574
     6.7000000       -0.00401483        0.00713341
     6.8000000       -0.00149462        0.00458055
     6.9000000        0.00056136        0.00661678
     7.0000000        0.00393406        0.01068504
     7.1000000        0.00442783        0.01145483
     7.2000000        0.00494847        0.01143644
     7.3000000        0.00056116        0.01066627
     7.4000000        0.00390264        0.00951885
     7.5000000        0.00761923        0.01036208
     7.6000000        0.00247185        0.00620856
     7.7000000        0.00544765        0.00590801
     7.8000000        0.00763262        0.00243822
     7.9000000        0.00953924        0.00275620
     8.0000000        0.00772976        0.00100794
     8.1000000        0.00226284        0.00231289
     8.2000000       -0.00037013        0.00795730
     8.3000000       -0.00049076        0.00418653
     8.4000000       -0.00081248        0.00477907
     8.5000000        0.00211725        0.00394040
     8.6000000       -0.00351263        0.00039909
     8.7000000       -0.00516164        0.00119723
     8.8000000       -0.00636951        0.00216073
     8.9000000       -0.00697006        0.00138914
     9.0000000       -0.00105914        0.00022602
     9.1000000        0.00101002        0.00315007
     9.2000000        0.00061692        0.00444389
     9.3000000        0.00329905        0.00376002
     9.4000000        0.00993586        0.00232792
     9.5000000        0.02224986        0.00715719
     9.6000000        0.03627664        0.01133587
     9.7000000        0.05780090        0.00998214
     9.8000000        0.09803854        0.01575786
     9.9000000        0.18711886        0.01628517
    10.0000000        0.40661624        0.00652795
