     0.0000000        0.96945766        0.00237956
     0.1000000        0.79970172        0.01941017
     0.2000000        0.67600399        0.01025663
     0.3000000        0.57577186        0.00332413
     0.4000000        0.48907606        0.00837860
     0.5000000        0.42672383        0.00345307
     0.6000000        0.36936941        0.00380145
     0.7000000        0.32617952        0.01360386
     0.8000000        0.28326418        0.01759294
     0.9000000        0.23827853        0.00964536
     1.0000000        0.20840615        0.01170169
     1.1000000        0.18606540        0.00373236
     1.2000000        0.16223370        0.01177130
     1.3000000        0.13803976        0.00382466
     1.4000000        0.12200102        0.00855801
     1.5000000        0.10687429        0.01529685
     1.6000000        0.09545004        0.01881633
     1.7000000        0.08731562        0.01266717
     1.8000000        0.08158854        0.01095056
     1.9000000        0.06991142        0.00557752
     2.0000000        0.05227391        0.01005314
     2.1000000        0.04980075        0.01066348
     2.2000000        0.04386877        0.01086306
     2.3000000        0.03307850        0.01809576
     2.4000000        0.02992830        0.01219943
     2.5000000        0.03051040        0.00595963
     2.6000000        0.03120293        0.00521623
     2.7000000        0.02893581        0.00984777
     2.8000000        0.02773633        0.01321429
     2.9000000        0.02164799        0.00931471
     3.0000000        0.02542595        0.00350891
     3.1000000        0.02293933        0.01166487
     3.2000000        0.02095004        0.01011084
     3.3000000        0.01867999        0.00640704
     3.4000000        0.02308991        0.00702889
     3.5000000        0.01837905        0.00933544
     3.6000000        0.01340570        0.01308416
     3.7000000        0.01225792        0.00886696
     3.8000000        0.00802154        0.01349632
     3.9000000        0.00853969        0.01725698
     4.0000000        0.00939339        0.01324482
     4.1000000        0.00869285        0.01164921
     4.2000000        0.00878665        0.01127751
     4.3000000        0.00688403        0.00052651
     4.4000000        0.00635247        0.00432149
     4.5000000        0.00470323        0.00025598
     4.6000000       -0.00091524        0.01196899
     4.7000000        0.00033948        0.00240166
     4.8000000       -0.00229442        0.00661105
     4.9000000       -0.00464399        0.00884760
     5.0000000       -0.00325524        0.00453997
     5.1000000       -0.00640167        0.00009728
     5.2000000       -0.00563402        0.00207495
     5.3000000       -0.00692814        0.00375310
     5.4000000       -0.00849142        0.01046678
     5.5000000        0.00255300        0.01563342
     5.6000000        0.00371080        0.01722545
     5.7000000        0.00957862        0.02234406
     5.8000000        0.01267647        0.01702476
     5.9000000        0.01549789        0.01350567
     6.0000000        0.01364602        0.01829928
     6.1000000        0.01313086        0.01418873
     6.2000000        0.01016847        0.00541592
     6.3000000        0.00605342        0.00453491
     6.4000000        0.00671840        0.00473602
     6.5000000        0.01123019        0.00684436
     6.6000000        0.00588364        0.00691315
     6.7000000        0.00558776        0.01650228
     6.8000000        0.01144092        0.00873275
     6.9000000        0.01307745        0.00545828
     7.0000000        0.01973969        0.00538758
     7.1000000        0.01536356        0.00573217
     7.2000000        0.01855798        0.00225295
     7.3000000        0.01986102        0.00942524
     7.4000000        0.01615882        0.00863170
     7.5000000        0.02409646        0.00487068
     7.6000000        0.02628938        0.00614987
     7.7000000        0.03057154        0.01006546
     7.8000000        0.04897604        0.00368649
     7.9000000        0.05101238        0.00255035
     8.0000000        0.06510307        0.01120605
     8.1000000        0.07183941        0.00638185
     8.2000000        0.08042242        0.00971662
     8.3000000        0.08840873        0.00300406
     8.4000000        0.09916573        0.00047459
     8.5000000        0.11901948        0.00612182
     8.6000000        0.13943344        0.00192483
     8.7000000        0.15189241        0.00686140
     8.8000000        0.18859925        0.00209880
     8.9000000        0.21821120        0.01576048
     9.0000000        0.24809831        0.00502636
     9.1000000        0.28934337        0.00032805
     9.2000000        0.31759245        0.00448215
     9.3000000        0.35643137        0.00485912
     9.4000000        0.40068447        0.01793706
     9.5000000        0.46323910        0.03731310
     9.6000000        0.53941456        0.03441772
     9.7000000        0.62303759        0.03043014
     9.8000000        0.72631815        0.02800819
     9.9000000        0.85011848        0.02112949
    10.0000000        1.03054234        0.00237956
