     0.0000000        2.00000000        0.00000000
     0.1000000        1.40972632        0.00136954
     0.2000000        1.00244527        0.00166856
     0.3000000        0.71700890        0.00172376
     0.4000000        0.51965885        0.00342012
     0.5000000        0.37980132        0.00076441
     0.6000000        0.27747796        0.00096710
     0.7000000        0.20169031        0.00432331
     0.8000000        0.15000207        0.00247078
     0.9000000        0.11079498        0.00209812
     1.0000000        0.08174420        0.00436324
     1.1000000        0.06480355        0.00944905
     1.2000000        0.04865156        0.00657420
     1.3000000        0.03604242        0.00361064
     1.4000000        0.02831211        0.00137827
     1.5000000        0.01958898        0.00277756
     1.6000000        0.01406381        0.00182038
     1.7000000        0.00728530        0.00237421
     1.8000000        0.00782880        0.00319014
     1.9000000        0.00676573        0.00285010
     2.0000000        0.00612691        0.00183498
     2.1000000        0.00480669        0.00736382
     2.2000000        0.00354502        0.00610525
     2.3000000        0.00242764        0.00597094
     2.4000000        0.00099107        0.00228834
     2.5000000        0.00043215        0.00590978
     2.6000000        0.00257039        0.00399969
     2.7000000        0.00016340        0.00329435
     2.8000000       -0.00148407        0.00076334
     2.9000000        0.00151556        0.00212662
     3.0000000        0.00011678        0.00260155
     3.1000000        0.00261333        0.00396610
     3.2000000        0.00152757        0.00368249
     3.3000000        0.00048474        0.00232933
     3.4000000        0.00112654        0.00119478
     3.5000000        0.00035096        0.00176563
     3.6000000        0.00033639        0.00067562
     3.7000000       -0.00197014        0.00029681
     3.8000000       -0.00262998        0.00304603
     3.9000000       -0.00140091        0.00841971
     4.0000000       -0.00035664        0.00656129
     4.1000000       -0.00237038        0.00466448
     4.2000000        0.00191574        0.01010995
     4.3000000        0.00065998        0.00734533
     4.4000000       -0.00034075        0.00450857
     4.5000000        0.00089125        0.00522059
     4.6000000        0.00029311        0.00188395
     4.7000000       -0.00113748        0.00116830
     4.8000000       -0.00119287        0.00519090
     4.9000000       -0.00406769        0.00289375
     5.0000000       -0.00302532        0.00218754
     5.1000000       -0.00422217        0.00160361
     5.2000000       -0.00259576        0.00176995
     5.3000000        0.00123788        0.00148188
     5.4000000       -0.00010580        0.00289048
     5.5000000       -0.00149433        0.00231186
     5.6000000       -0.00414935        0.00164916
     5.7000000       -0.00466939        0.00266050
     5.8000000       -0.00272509        0.00059635
     5.9000000       -0.00078210        0.00015843
     6.0000000        0.00268263        0.00225530
     6.1000000       -0.00052768        0.00131120
     6.2000000       -0.00330966        0.00300539
     6.3000000        0.00080047        0.00289719
     6.4000000        0.00151089        0.00967260
     6.5000000       -0.00173636        0.00400913
     6.6000000       -0.00026767        0.00150436
     6.7000000        0.00041359        0.00312587
     6.8000000        0.00178296        0.00172485
     6.9000000        0.00188301        0.00059063
     7.0000000        0.00308942        0.00211885
     7.1000000       -0.00010262        0.00042733
     7.2000000        0.00044500        0.00262329
     7.3000000        0.00299707        0.00551756
     7.4000000        0.00204148        0.00713944
     7.5000000        0.00250545        0.00389482
     7.6000000        0.00128893        0.00029001
     7.7000000       -0.00189141        0.00234629
     7.8000000        0.00188449        0.00264209
     7.9000000        0.00427262        0.00124415
     8.0000000        0.00301487        0.00609346
     8.1000000        0.00201505        0.00335088
     8.2000000        0.00356121        0.00010484
     8.3000000        0.00807895        0.00078515
     8.4000000        0.01059154        0.00265557
     8.5000000        0.02027825        0.00333149
     8.6000000        0.02931467        0.00199324
     8.7000000        0.03833186        0.00165081
     8.8000000        0.04803694        0.00206733
     8.9000000        0.06403544        0.00346149
     9.0000000        0.08482620        0.00347504
     9.1000000        0.10833074        0.00175347
     9.2000000        0.14960593        0.00374585
     9.3000000        0.19932492        0.00147227
     9.4000000        0.27874444        0.00386009
     9.5000000        0.37794077        0.00426298
     9.6000000        0.52025233        0.00609979
     9.7000000        0.71945498        0.00271362
     9.8000000        1.01017306        0.00230592
     9.9000000        1.41067762        0.00068713
    10.0000000        2.00000000        0.00000000
