     0.0000000        0.29450487        0.01138868
     0.1000000        0.14571740        0.00844378
     0.2000000        0.07552150        0.00599682
     0.3000000        0.04052872        0.00652342
     0.4000000        0.02259353        0.00827183
     0.5000000        0.01287381        0.00382749
     0.6000000        0.01285417        0.00161722
     0.7000000        0.00764110        0.00127127
     0.8000000        0.00096849        0.00423621
     0.9000000       -0.00154409        0.00480997
     1.0000000       -0.00438166        0.00749913
     1.1000000       -0.00455418        0.00605981
     1.2000000       -0.00426430        0.00471901
     1.3000000       -0.00777541        0.01096922
     1.4000000       -0.00779691        0.01199552
     1.5000000       -0.00722442        0.01020439
     1.6000000       -0.00579887        0.00559373
     1.7000000       -0.00137064        0.00411011
     1.8000000       -0.00007596        0.00095747
     1.9000000        0.00085440        0.00381476
     2.0000000       -0.00278120        0.01008103
     2.1000000       -0.00290325        0.00934295
     2.2000000       -0.00137265        0.00491241
     2.3000000       -0.00074804        0.00045341
     2.4000000        0.00064517        0.00527605
     2.5000000        0.00339961        0.00539130
     2.6000000        0.00004347        0.00633063
     2.7000000        0.00209953        0.00737280
     2.8000000        0.00221402        0.00238800
     2.9000000        0.00136415        0.00024454
     3.0000000        0.00157176        0.00427817
     3.1000000        0.00204724        0.00095107
     3.2000000        0.00125225        0.00117049
     3.3000000        0.00033504        0.00070690
     3.4000000        0.00035149        0.00539966
     3.5000000       -0.00032472        0.00442295
     3.6000000       -0.00207463        0.00125987
     3.7000000       -0.00231288        0.00004253
     3.8000000       -0.00220045        0.00561994
     3.9000000       -0.00231884        0.00463651
     4.0000000       -0.00485557        0.00607554
     4.1000000       -0.00639603        0.00926121
     4.2000000       -0.00535190        0.00972358
     4.3000000       -0.00259999        0.00477600
     4.4000000       -0.00001984        0.00319645
     4.5000000        0.00021859        0.00271805
     4.6000000        0.00362036        0.00633003
     4.7000000        0.00354213        0.00645329
     4.8000000        0.00795437        0.00075109
     4.9000000        0.00886336        0.00375999
     5.0000000        0.00886250        0.00098832
     5.1000000        0.01116553        0.00175410
     5.2000000        0.00938032        0.00465552
     5.3000000        0.01122129        0.00357460
     5.4000000        0.00831899        0.00412242
     5.5000000        0.00706285        0.00167252
     5.6000000        0.00671916        0.00055540
     5.7000000        0.00287750        0.00109228
     5.8000000        0.00043156        0.00072009
     5.9000000       -0.00327491        0.00279116
     6.0000000       -0.00597003        0.00289389
     6.1000000       -0.00809776        0.00396851
     6.2000000       -0.00576064        0.00735308
     6.3000000       -0.00124073        0.00383618
     6.4000000       -0.00042241        0.00297898
     6.5000000       -0.00135516        0.00363301
     6.6000000       -0.00446797        0.00421626
     6.7000000       -0.00549259        0.00382040
     6.8000000       -0.00567766        0.00455022
     6.9000000       -0.00717998        0.00814821
     7.0000000       -0.00472963        0.00939805
     7.1000000       -0.00079360        0.00879235
     7.2000000       -0.00147924        0.00640779
     7.3000000       -0.00284946        0.00552799
     7.4000000        0.00079321        0.00584183
     7.5000000       -0.00019336        0.00717511
     7.6000000       -0.00069275        0.00761849
     7.7000000        0.00440394        0.00624783
     7.8000000        0.00338905        0.00824631
     7.9000000        0.00383293        0.00027411
     8.0000000        0.00520981        0.00112954
     8.1000000        0.00314713        0.00002361
     8.2000000        0.00221745        0.00073320
     8.3000000        0.00014505        0.00272256
     8.4000000       -0.00255987        0.00471469
     8.5000000       -0.00472873        0.00376320
     8.6000000       -0.00323271        0.00839053
     8.7000000        0.00079549        0.00864125
     8.8000000        0.00138072        0.00733998
     8.9000000        0.00289156        0.00502067
     9.0000000        0.00313792        0.00422615
     9.1000000        0.00717974        0.00081889
     9.2000000        0.00571410        0.00200374
     9.3000000        0.00667335        0.00202251
     9.4000000        0.00730398        0.00701039
     9.5000000        0.01202028        0.01065141
     9.6000000        0.02060774        0.01137192
     9.7000000        0.03929488        0.01338963
     9.8000000        0.07344179        0.02050984
     9.9000000        0.14248648        0.01447786
    10.0000000        0.29450487        0.01138868
