     0.0000000        0.75836747        0.09915337
     0.1000000        0.48415624        0.07011701
     0.2000000        0.39450680        0.07425044
     0.3000000        0.35167947        0.08452060
     0.4000000        0.33911268        0.07961059
     0.5000000        0.29968159        0.09779578
     0.6000000        0.25896148        0.13836196
     0.7000000        0.26218599        0.12713889
     0.8000000        0.25794692        0.12392776
     0.9000000        0.24842524        0.09643713
     1.0000000        0.26502058        0.08943934
     1.1000000        0.26005266        0.11088676
     1.2000000        0.22639993        0.10286476
     1.3000000        0.20823474        0.09446150
     1.4000000        0.17921427        0.09838937
     1.5000000        0.18486031        0.09464912
     1.6000000        0.18547919        0.07976153
     1.7000000        0.17610705        0.09746167
     1.8000000        0.16521852        0.11812265
     1.9000000        0.15519399        0.11144893
     2.0000000        0.15829574        0.13303778
     2.1000000        0.16630868        0.16072684
     2.2000000        0.15489787        0.15489448
     2.3000000        0.16690533        0.14421058
     2.4000000        0.14083125        0.12227317
     2.5000000        0.14272148        0.09551007
     2.6000000        0.12440891        0.08965378
     2.7000000        0.12497969        0.09388344
     2.8000000        0.12525175        0.08749063
     2.9000000        0.10972864        0.06849524
     3.0000000        0.12049308        0.08729112
     3.1000000        0.12627519        0.09691583
     3.2000000        0.13307488        0.08287942
     3.3000000        0.11410465        0.07296605
     3.4000000        0.12722810        0.07414327
     3.5000000        0.12681655        0.09913538
     3.6000000        0.11142810        0.13621654
     3.7000000        0.11702369        0.17112062
     3.8000000        0.12873544        0.19216423
     3.9000000        0.15445102        0.18904146
     4.0000000        0.15203195        0.22188636
     4.1000000        0.15335010        0.20609527
     4.2000000        0.14739575        0.16338391
     4.3000000        0.12224283        0.13954775
     4.4000000        0.10039912        0.16205277
     4.5000000        0.11310115        0.13063961
     4.6000000        0.10373377        0.13697134
     4.7000000        0.09947169        0.12022469
     4.8000000        0.08556524        0.10413951
     4.9000000        0.09336521        0.10594237
     5.0000000        0.12006308        0.08370192
     5.1000000        0.13291139        0.06286601
     5.2000000        0.10803935        0.03895617
     5.3000000        0.11442481        0.00513221
     5.4000000        0.10090712        0.00572014
     5.5000000        0.09349323        0.02541104
     5.6000000        0.09467048        0.05584939
     5.7000000        0.09097853        0.06337963
     5.8000000        0.07852526        0.10259311
     5.9000000        0.07958382        0.09032095
     6.0000000        0.07640501        0.07626756
     6.1000000        0.05629404        0.07713408
     6.2000000        0.03901410        0.06410094
     6.3000000        0.06140773        0.07357601
     6.4000000        0.07299422        0.05610200
     6.5000000        0.09013463        0.04680743
     6.6000000        0.10754618        0.06796926
     6.7000000        0.10593950        0.08007772
     6.8000000        0.10064204        0.06137324
     6.9000000        0.07639927        0.03846670
     7.0000000        0.06730240        0.02724274
     7.1000000        0.05851573        0.04083756
     7.2000000        0.07139829        0.06969543
     7.3000000        0.06758909        0.07304180
     7.4000000        0.04892419        0.07730610
     7.5000000        0.06869507        0.09230936
     7.6000000        0.08061096        0.12985915
     7.7000000        0.10824968        0.18156560
     7.8000000        0.11821645        0.19254633
     7.9000000        0.12765274        0.20463651
     8.0000000        0.13721369        0.19527769
     8.1000000        0.12320230        0.18960489
     8.2000000        0.13442594        0.16012607
     8.3000000        0.16802304        0.15752304
     8.4000000        0.18848621        0.14053438
     8.5000000        0.22447774        0.16923537
     8.6000000        0.22410408        0.19420737
     8.7000000        0.22236782        0.19508771
     8.8000000        0.22720989        0.19799916
     8.9000000        0.23681761        0.19920393
     9.0000000        0.23934841        0.20260663
     9.1000000        0.25566745        0.14973405
     9.2000000        0.24868344        0.13415410
     9.3000000        0.22849160        0.09738230
     9.4000000        0.22095053        0.10925918
     9.5000000        0.21473801        0.12148697
     9.6000000        0.22763264        0.11903900
     9.7000000        0.27372056        0.09557943
     9.8000000        0.32877729        0.06145203
     9.9000000        0.46115546        0.07380990
    10.0000000        0.75836747        0.09915337
