   1.0000000000000000                2           9
 (  1.0000000000000000     , -5.4503945299746624E-004)
 (  1.0000000000000002     ,  8.8353297827055682E-004)
  -2.0943951023931953       -1.2091995761561449     
 ( 0.24788482845697235     ,  4.9343245538895848E-016)
 ( -9.4951136727061083E-002, -5.4614659099286991E-002)
 ( -9.4951136727061181E-002,  5.4614659099288074E-002)
 ( 0.24893047193694468     ,  4.9343245538895848E-016)
  -2.0943951023931953        1.2091995761561449     
 ( 0.24875526034393561     , -5.9211894646675012E-016)
 ( -9.4840132400602961E-002,  5.4524121231386308E-002)
 ( -9.4840132400603058E-002, -5.4524121231387584E-002)
 ( 0.24832126196237653     ,  1.9737298215558337E-016)
   0.0000000000000000       -2.4183991523122899     
 ( 0.24817716447077517     ,  7.8949192862233350E-016)
 (  7.6495769810137741E-004,-0.10988756896735523     )
 (  7.6495769810108131E-004, 0.10988756896735780     )
 ( 0.24908503733407944     ,  1.1842378929335002E-015)
   0.0000000000000000        0.0000000000000000     
 (  9.2299890571240919     , -9.8107101539538707E-003)
 (  8.7713873165897169     ,  3.0464417274591042E-003)
 (  8.7713873165897169     ,  3.0464417274591042E-003)
 (  9.2293604375700635     ,  1.5903593608871967E-002)
   0.0000000000000000        2.4183991523122899     
 ( 0.24817716447077517     , -9.8686491077791697E-016)
 (  7.6495769810098265E-004, 0.10988756896735523     )
 (  7.6495769810147607E-004,-0.10988756896735759     )
 ( 0.24908503733407944     , -1.1842378929335002E-015)
   2.0943951023931953       -1.2091995761561449     
 ( 0.24875526034393541     ,  3.9474596431116675E-016)
 ( -9.4840132400602961E-002, -5.4524121231386696E-002)
 ( -9.4840132400603461E-002,  5.4524121231387584E-002)
 ( 0.24832126196237633     ,  5.9211894646675012E-016)
   2.0943951023931953        1.2091995761561449     
 ( 0.24788482845697235     , -2.9605947323337506E-016)
 ( -9.4951136727061083E-002,  5.4614659099286790E-002)
 ( -9.4951136727060792E-002, -5.4614659099288469E-002)
 ( 0.24893047193694487     , -6.9080543754454186E-016)
   2.0943951023931953        3.6275987284684348     
 ( 0.25250769915927523     ,  2.6001577434363476E-015)
 (  1.7270574091978988E-003,  5.6105245120185521E-004)
 (  1.7270574091977015E-003, -5.6105245119587573E-004)
 ( 0.25287927059255821     ,  2.6252148603115679E-015)
   4.1887902047863905        0.0000000000000000     
 ( 0.25250769915927623     ,  1.3395920175598678E-016)
 (  1.7270574091986883E-003, -5.6105245119850578E-004)
 (  1.7270574091984908E-003,  5.6105245119936057E-004)
 ( 0.25287927059255899     ,  3.5658204783967699E-016)
   1.0000000000000000                2           9
 (  1.0000000000000000     , -5.4910720016214810E-006)
 (  1.0000000000000002     ,  1.3987186147109502E-004)
  -2.0943951023931953       -1.2091995761561449     
 ( 0.24575056511128540     ,  6.9080543754454186E-016)
 ( -9.4204138368041368E-002, -5.3363550061568787E-002)
 ( -9.4204138368041479E-002,  5.3363550061569870E-002)
 ( 0.24799515943974684     ,  6.9080543754454186E-016)
  -2.0943951023931953        1.2091995761561449     
 ( 0.24722646855787633     ,  2.9605947323337506E-016)
 ( -9.3236634906066290E-002,  5.4808021162181655E-002)
 ( -9.3236634906066387E-002, -5.4808021162183529E-002)
 ( 0.24765763103402241     , -9.8686491077791687E-017)
   0.0000000000000000       -2.4183991523122899     
 ( 0.24602931053762778     ,  1.8750433304780422E-015)
 ( -1.5034632841594625E-003,-0.10856050089664659     )
 ( -1.5034632841601533E-003, 0.10856050089664945     )
 ( 0.24691078984042164     ,  1.2829243840112920E-015)
   0.0000000000000000        0.0000000000000000     
 (  9.2182112451388090     , -9.8839296032302221E-005)
 (  8.7836935241534011     ,  1.2094271052225840E-003)
 (  8.7836935241534011     ,  1.2094271052225747E-003)
 (  9.2157389447569127     ,  2.5176935064778233E-003)
   0.0000000000000000        2.4183991523122899     
 ( 0.24602931053762778     , -6.9080543754454186E-016)
 ( -1.5034632841598573E-003, 0.10856050089664679     )
 ( -1.5034632841597587E-003,-0.10856050089664926     )
 ( 0.24691078984042164     , -1.2829243840112920E-015)
   2.0943951023931953       -1.2091995761561449     
 ( 0.24722646855787656     ,  2.9605947323337506E-016)
 ( -9.3236634906066485E-002, -5.4808021162182051E-002)
 ( -9.3236634906066387E-002,  5.4808021162183133E-002)
 ( 0.24765763103402241     ,  6.9080543754454186E-016)
   2.0943951023931953        1.2091995761561449     
 ( 0.24575056511128540     , -6.9080543754454186E-016)
 ( -9.4204138368041770E-002,  5.3363550061568787E-002)
 ( -9.4204138368041077E-002, -5.3363550061569870E-002)
 ( 0.24799515943974684     , -1.0855514018557087E-015)
   2.0943951023931953        3.6275987284684348     
 ( 0.25127514878245805     ,  3.0969271321784001E-015)
 (  4.6541953393308688E-004, -5.6095575828484293E-004)
 (  4.6541953393328426E-004,  5.6095575829104760E-004)
 ( 0.25436788796264787     ,  2.9311526200053665E-015)
   4.1887902047863905        0.0000000000000000     
 ( 0.25127514878245866     ,  5.3287934443122272E-016)
 (  4.6541953393407372E-004,  5.6095575828827128E-004)
 (  4.6541953393387640E-004, -5.6095575828778524E-004)
 ( 0.25436788796264864     ,  5.6445974437756444E-016)
   1.0000000000000000                2           9
 (  1.0000000000000000     , -7.3787768766758440E-005)
 (  1.0000000000000000     , -2.4546409577934304E-004)
  -2.0943951023931953       -1.2091995761561449     
 ( 0.24853461235692986     ,  7.8949192862233350E-016)
 ( -9.5709186455467624E-002, -5.3601885110982884E-002)
 ( -9.5709186455467624E-002,  5.3601885110984071E-002)
 ( 0.24709529301763450     ,  9.8686491077791697E-016)
  -2.0943951023931953        1.2091995761561449     
 ( 0.24997726942936854     , -2.9605947323337506E-016)
 ( -9.4561203776907812E-002,  5.4500962815296226E-002)
 ( -9.4561203776907812E-002, -5.4500962815296719E-002)
 ( 0.24655177934317044     ,  9.8686491077791687E-017)
   0.0000000000000000       -2.4183991523122899     
 ( 0.25030556532712850     ,  8.8817841970012523E-016)
 ( -1.0810950327125744E-003,-0.10962972446495654     )
 ( -1.0810950327123771E-003, 0.10962972446495851     )
 ( 0.24777305434777722     ,  1.0855514018557087E-015)
   0.0000000000000000        0.0000000000000000     
 (  9.2260984559633759     , -1.3281798378020357E-003)
 (  8.7738226035899789     , -2.8732667809156253E-003)
 (  8.7738226035899789     , -2.8732667809156249E-003)
 (  9.2273100167077526     , -4.4183537240286303E-003)
   0.0000000000000000        2.4183991523122899     
 ( 0.25030556532712850     , -8.8817841970012523E-016)
 ( -1.0810950327123771E-003, 0.10962972446495635     )
 ( -1.0810950327125744E-003,-0.10962972446495872     )
 ( 0.24777305434777722     , -8.8817841970012523E-016)
   2.0943951023931953       -1.2091995761561449     
 ( 0.24997726942936835     ,  1.0855514018557087E-015)
 ( -9.4561203776908007E-002, -5.4500962815296025E-002)
 ( -9.4561203776908007E-002,  5.4500962815296913E-002)
 ( 0.24655177934317044     ,  4.9343245538895848E-016)
   2.0943951023931953        1.2091995761561449     
 ( 0.24853461235692986     , -7.8949192862233350E-016)
 ( -9.5709186455467624E-002,  5.3601885110982690E-002)
 ( -9.5709186455467832E-002, -5.3601885110984467E-002)
 ( 0.24709529301763450     , -5.9211894646675012E-016)
   2.0943951023931953        3.6275987284684348     
 ( 0.25465075140756277     ,  3.2911800214153864E-015)
 (  8.2671478168134312E-004, -7.1959473929951239E-005)
 (  8.2671478168134312E-004,  7.1959473936065218E-005)
 ( 0.25617020292095938     ,  3.4381255558595883E-015)
   4.1887902047863905        0.0000000000000000     
 ( 0.25465075140756355     ,  4.3059691614802079E-016)
 (  8.2671478168213264E-004,  7.1959473933095615E-005)
 (  8.2671478168252739E-004, -7.1959473932797527E-005)
 ( 0.25617020292096015     ,  4.7772357057872409E-016)
   1.0000000000000000                2           9
 (  1.0000000000000000     , -2.4349441645087858E-004)
 (  1.0000000000000000     , -8.0561481399021791E-006)
  -2.0943951023931953       -1.2091995761561449     
 ( 0.24855172886381047     ,  9.8686491077791697E-016)
 ( -9.4205529375937500E-002, -5.5218952380894040E-002)
 ( -9.4205529375937791E-002,  5.5218952380895026E-002)
 ( 0.24887272273920058     ,  7.8949192862233350E-016)
  -2.0943951023931953        1.2091995761561449     
 ( 0.24568741026799509     , -9.8686491077791687E-017)
 ( -9.3054376221913496E-002,  5.3252497461501257E-002)
 ( -9.3054376221913204E-002, -5.3252497461502735E-002)
 ( 0.24602130044833517     ,  2.9605947323337506E-016)
   0.0000000000000000       -2.4183991523122899     
 ( 0.24723895559146167     ,  6.9080543754454186E-016)
 (  7.6582350323494016E-004,-0.10953621649636879     )
 (  7.6582350323523625E-004, 0.10953621649637145     )
 ( 0.24711792711700309     ,  1.4802973661668755E-015)
   0.0000000000000000        0.0000000000000000     
 (  9.2200443851741589     , -4.3828994961148211E-003)
 (  8.7769512418190629     , -2.2639550813181425E-003)
 (  8.7769512418190629     , -2.2639550813181434E-003)
 (  9.2275123499855169     , -1.4501066651772856E-004)
   0.0000000000000000        2.4183991523122899     
 ( 0.24723895559146167     , -1.0855514018557087E-015)
 (  7.6582350323513759E-004, 0.10953621649636898     )
 (  7.6582350323503882E-004,-0.10953621649637126     )
 ( 0.24711792711700309     , -1.0855514018557087E-015)
   2.0943951023931953       -1.2091995761561449     
 ( 0.24568741026799529     ,  6.9080543754454186E-016)
 ( -9.3054376221913496E-002, -5.3252497461501652E-002)
 ( -9.3054376221913399E-002,  5.3252497461502339E-002)
 ( 0.24602130044833517     ,  4.9343245538895848E-016)
   2.0943951023931953        1.2091995761561449     
 ( 0.24855172886381047     , -3.9474596431116675E-016)
 ( -9.4205529375937902E-002,  5.5218952380894040E-002)
 ( -9.4205529375937597E-002, -5.5218952380895026E-002)
 ( 0.24887272273920058     , -1.9737298215558337E-016)
   2.0943951023931953        3.6275987284684348     
 ( 0.25313736795606812     ,  3.4661702520545468E-015)
 (  1.4294731840778969E-003,  2.2262461072303008E-004)
 (  1.4294731840771074E-003, -2.2262461071666402E-004)
 ( 0.25310514490625280     ,  3.3051300893680334E-015)
   4.1887902047863905        0.0000000000000000     
 ( 0.25313736795606889     ,  2.1096164938406838E-016)
 (  1.4294731840780945E-003, -2.2262461071968800E-004)
 (  1.4294731840782918E-003,  2.2262461071974476E-004)
 ( 0.25310514490625358     ,  4.4404102308684105E-016)
   1.0000000000000000                2           9
 (  1.0000000000000000     , -5.0312285633554105E-004)
 (  1.0000000000000000     , -3.1840420480498118E-004)
  -2.0943951023931953       -1.2091995761561449     
 ( 0.24582064691084682     ,  3.9474596431116675E-016)
 ( -9.3806892316367893E-002, -5.5264080740187675E-002)
 ( -9.3806892316368573E-002,  5.5264080740189153E-002)
 ( 0.24820222042801976     ,  5.9211894646675012E-016)
  -2.0943951023931953        1.2091995761561449     
 ( 0.24534406910555628     , -3.9474596431116675E-016)
 ( -9.3551974157654899E-002,  5.4056484898471209E-002)
 ( -9.3551974157654802E-002, -5.4056484898472396E-002)
 ( 0.24655405956336138     , -1.0855514018557087E-015)
   0.0000000000000000       -2.4183991523122899     
 ( 0.24367170620902595     ,  9.8686491077791697E-016)
 ( -4.4075079832723359E-004,-0.10770497263586501     )
 ( -4.4075079832723359E-004, 0.10770497263586767     )
 ( 0.24626476108112685     ,  1.1842378929335002E-015)
   0.0000000000000000        0.0000000000000000     
 (  9.2032207759136249     , -9.0562114140449405E-003)
 (  8.7915665259940106     , -7.3937435502696748E-003)
 (  8.7915665259940106     , -7.3937435502696713E-003)
 (  9.2129505108643190     , -5.7312756864934854E-003)
   0.0000000000000000        2.4183991523122899     
 ( 0.24367170620902595     , -1.1842378929335002E-015)
 ( -4.4075079832743097E-004, 0.10770497263586540     )
 ( -4.4075079832703621E-004,-0.10770497263586767     )
 ( 0.24626476108112724     , -9.8686491077791697E-016)
   2.0943951023931953       -1.2091995761561449     
 ( 0.24534406910555628     , -3.9474596431116675E-016)
 ( -9.3551974157654899E-002, -5.4056484898471209E-002)
 ( -9.3551974157654608E-002,  5.4056484898472194E-002)
 ( 0.24655405956336177     ,  2.9605947323337506E-016)
   2.0943951023931953        1.2091995761561449     
 ( 0.24582064691084662     , -5.9211894646675012E-016)
 ( -9.3806892316368282E-002,  5.5264080740187578E-002)
 ( -9.3806892316368379E-002, -5.5264080740188959E-002)
 ( 0.24820222042801976     , -6.9080543754454186E-016)
   2.0943951023931953        3.6275987284684348     
 ( 0.24970170077821072     ,  3.5103093271655125E-015)
 (  1.3704108908139606E-003,  1.2710314765919327E-003)
 (  1.3704108908141580E-003, -1.2710314765864508E-003)
 ( 0.25128097497849772     ,  3.1385002621478166E-015)
   4.1887902047863905        0.0000000000000000     
 ( 0.24970170077821172     ,  1.5805258336677576E-016)
 (  1.3704108908147499E-003, -1.2710314765888525E-003)
 (  1.3704108908149475E-003,  1.2710314765892062E-003)
 ( 0.25128097497849872     ,  1.8041124150158794E-016)
   1.0000000000000000                2           9
 (  1.0000000000000000     , -2.7333714247988712E-004)
 (  1.0000000000000000     , -5.8849664259214365E-004)
  -2.0943951023931953       -1.2091995761561449     
 ( 0.24623216787847410     ,  9.8686491077791687E-017)
 ( -9.3179299776168845E-002, -5.3737695870433692E-002)
 ( -9.3179299776168553E-002,  5.3737695870434581E-002)
 ( 0.24502765690202821     ,  9.8686491077791697E-016)
  -2.0943951023931953        1.2091995761561449     
 ( 0.24341430632586233     ,  9.8686491077791687E-017)
 ( -9.1905404036500035E-002,  5.3066278464275127E-002)
 ( -9.1905404036499938E-002, -5.3066278464276410E-002)
 ( 0.24682263031061216     , -2.9605947323337506E-016)
   0.0000000000000000       -2.4183991523122899     
 ( 0.24389307268397195     ,  1.1842378929335002E-015)
 (  4.5874566729331434E-004,-0.10732485677818311     )
 (  4.5874566729341300E-004, 0.10732485677818539     )
 ( 0.24670838545678761     ,  7.8949192862233350E-016)
   0.0000000000000000        0.0000000000000000     
 (  9.2030571048600400     , -4.9200685646338289E-003)
 (  8.7968736265807550     , -7.7565040656437829E-003)
 (  8.7968736265807550     , -7.7565040656437855E-003)
 (  9.2041015437182896     , -1.0592939566655120E-002)
   0.0000000000000000        2.4183991523122899     
 ( 0.24389307268397195     , -9.8686491077791697E-016)
 (  4.5874566729351172E-004, 0.10732485677818311     )
 (  4.5874566729321568E-004,-0.10732485677818539     )
 ( 0.24670838545678761     , -1.3816108750890837E-015)
   2.0943951023931953       -1.2091995761561449     
 ( 0.24341430632586233     ,  1.0855514018557087E-015)
 ( -9.1905404036499647E-002, -5.3066278464275918E-002)
 ( -9.1905404036499938E-002,  5.3066278464276015E-002)
 ( 0.24682263031061216     , -4.9343245538895848E-016)
   2.0943951023931953        1.2091995761561449     
 ( 0.24623216787847410     , -1.0855514018557087E-015)
 ( -9.3179299776168456E-002,  5.3737695870433498E-002)
 ( -9.3179299776168747E-002, -5.3737695870434782E-002)
 ( 0.24502765690202821     , -1.1842378929335002E-015)
   2.0943951023931953        3.6275987284684348     
 ( 0.25087678873306668     ,  3.3090814039522029E-015)
 ( -6.8283763510221555E-004, -1.7627818489746861E-003)
 ( -6.8283763510241298E-004,  1.7627818489809541E-003)
 ( 0.25161206097725952     ,  2.5569824035898137E-015)
   4.1887902047863905        0.0000000000000000     
 ( 0.25087678873306746     ,  3.5128150388530344E-016)
 ( -6.8283763510182090E-004,  1.7627818489781011E-003)
 ( -6.8283763510122871E-004, -1.7627818489777502E-003)
 ( 0.25161206097726030     ,  2.9027706164678574E-016)
   1.0000000000000000                2           9
 (  1.0000000000000000     ,  6.0039025437075744E-004)
 (  1.0000000000000000     , -1.3592984402296885E-003)
  -2.0943951023931953       -1.2091995761561449     
 ( 0.24342408189436199     ,  4.9343245538895848E-016)
 ( -9.1040215160654692E-002, -5.5131195246794301E-002)
 ( -9.1040215160654692E-002,  5.5131195246796078E-002)
 ( 0.24540050730516416     ,  9.8686491077791697E-016)
  -2.0943951023931953        1.2091995761561449     
 ( 0.24251103246214789     , -7.8949192862233350E-016)
 ( -9.2317701827776572E-002,  5.4096386583111174E-002)
 ( -9.2317701827776572E-002, -5.4096386583111764E-002)
 ( 0.24548221796401729     ,  0.0000000000000000     )
   0.0000000000000000       -2.4183991523122899     
 ( 0.24520451312150313     ,  7.8949192862233350E-016)
 (  7.9377767302397158E-004,-0.10830108563102886     )
 (  7.9377767302407024E-004, 0.10830108563103104     )
 ( 0.24524504996112750     ,  1.2829243840112920E-015)
   0.0000000000000000        0.0000000000000000     
 (  9.2042938426503724     ,  1.0807024578674296E-002)
 (  8.7962127903344456     , -6.8301736727301703E-003)
 (  8.7962127903344474     , -6.8301736727301712E-003)
 (  9.2048237650214286     , -2.4467371924133580E-002)
   0.0000000000000000        2.4183991523122899     
 ( 0.24520451312150313     , -1.3816108750890837E-015)
 (  7.9377767302416891E-004, 0.10830108563102907     )
 (  7.9377767302387292E-004,-0.10830108563103084     )
 ( 0.24524504996112750     , -1.2829243840112920E-015)
   2.0943951023931953       -1.2091995761561449     
 ( 0.24251103246214789     ,  0.0000000000000000     )
 ( -9.2317701827776766E-002, -5.4096386583110972E-002)
 ( -9.2317701827776766E-002,  5.4096386583112555E-002)
 ( 0.24548221796401729     ,  5.9211894646675012E-016)
   2.0943951023931953        1.2091995761561449     
 ( 0.24342408189436199     , -8.8817841970012523E-016)
 ( -9.1040215160654483E-002,  5.5131195246794600E-002)
 ( -9.1040215160654692E-002, -5.5131195246795689E-002)
 ( 0.24540050730516416     , -9.8686491077791697E-016)
   2.0943951023931953        3.6275987284684348     
 ( 0.24693092904368649     ,  2.9914342607955605E-015)
 (  2.0800493538527653E-003, -9.0960929099634228E-004)
 (  2.0800493538525680E-003,  9.0960929100272606E-004)
 ( 0.25290844875698759     ,  3.3318255561927876E-015)
   4.1887902047863905        0.0000000000000000     
 ( 0.24693092904368708     ,  1.3280271943866890E-016)
 (  2.0800493538531604E-003,  9.0960929099965907E-004)
 (  2.0800493538535550E-003, -9.0960929099899576E-004)
 ( 0.25290844875698837     ,  2.7524279152165338E-016)
   1.0000000000000000                2           9
 (  1.0000000000000000     ,  4.6151859919222129E-004)
 (  1.0000000000000000     , -5.1017059389363002E-004)
  -2.0943951023931953       -1.2091995761561449     
 ( 0.24831343196405470     ,  8.8817841970012523E-016)
 ( -9.3344273360275648E-002, -5.4564941085691508E-002)
 ( -9.3344273360275842E-002,  5.4564941085692494E-002)
 ( 0.24781400858444297     ,  6.9080543754454186E-016)
  -2.0943951023931953        1.2091995761561449     
 ( 0.24976254415409038     ,  2.9605947323337506E-016)
 ( -9.3797510652672111E-002,  5.5922405365660843E-002)
 ( -9.3797510652672111E-002, -5.5922405365662321E-002)
 ( 0.24980046528002525     , -3.9474596431116675E-016)
   0.0000000000000000       -2.4183991523122899     
 ( 0.24996278877974654     ,  8.8817841970012523E-016)
 (  1.3440286859446438E-004,-0.11042662760463864     )
 (  1.3440286859476045E-004, 0.11042662760464081     )
 ( 0.24873020393696599     ,  8.8817841970012523E-016)
   0.0000000000000000        0.0000000000000000     
 (  9.2348772759834397     ,  8.3073347854598373E-003)
 (  8.7662405218688821     , -4.3786795231283649E-004)
 (  8.7662405218688839     , -4.3786795231284641E-004)
 (  9.2341141710080787     , -9.1830706900843072E-003)
   0.0000000000000000        2.4183991523122899     
 ( 0.24996278877974654     , -1.2829243840112920E-015)
 (  1.3440286859446438E-004, 0.11042662760463884     )
 (  1.3440286859476045E-004,-0.11042662760464100     )
 ( 0.24873020393696599     , -1.2829243840112920E-015)
   2.0943951023931953       -1.2091995761561449     
 ( 0.24976254415409058     ,  1.0855514018557087E-015)
 ( -9.3797510652671903E-002, -5.5922405365661239E-002)
 ( -9.3797510652672111E-002,  5.5922405365661336E-002)
 ( 0.24980046528002525     ,  3.9474596431116675E-016)
   2.0943951023931953        1.2091995761561449     
 ( 0.24831343196405470     , -6.9080543754454186E-016)
 ( -9.3344273360275648E-002,  5.4564941085691113E-002)
 ( -9.3344273360275842E-002, -5.4564941085692889E-002)
 ( 0.24781400858444297     , -6.9080543754454186E-016)
   2.0943951023931953        3.6275987284684348     
 ( 0.25452089938823325     ,  3.0492583766614543E-015)
 (  2.6398922518211521E-004,  5.7986724312526056E-004)
 (  2.6398922518211521E-004, -5.7986724311919586E-004)
 ( 0.25534781639405968     ,  3.2171410597254321E-015)
   4.1887902047863905        0.0000000000000000     
 ( 0.25452089938823402     ,  3.8510861166685117E-016)
 (  2.6398922518290472E-004, -5.7986724312202292E-004)
 (  2.6398922518290472E-004,  5.7986724312237290E-004)
 ( 0.25534781639406062     ,  2.5673907444456745E-016)
   1.0000000000000000                2           9
 (  1.0000000000000000     ,  2.7918982126505293E-004)
 (  1.0000000000000000     ,  5.5001096710954791E-004)
  -2.0943951023931953       -1.2091995761561449     
 ( 0.24254833879368221     ,  6.9080543754454186E-016)
 ( -9.0569163340657399E-002, -5.4033779597270438E-002)
 ( -9.0569163340657094E-002,  5.4033779597272513E-002)
 ( 0.24378399455685282     ,  4.9343245538895848E-016)
  -2.0943951023931953        1.2091995761561449     
 ( 0.24337801042020452     ,  0.0000000000000000     )
 ( -9.2997052190802246E-002,  5.1619132076376237E-002)
 ( -9.2997052190802537E-002, -5.1619132076377423E-002)
 ( 0.24329393042113867     , -9.8686491077791697E-016)
   0.0000000000000000       -2.4183991523122899     
 ( 0.24433426296491945     ,  1.3816108750890837E-015)
 (  2.3034789878527326E-003,-0.10695705453140499     )
 (  2.3034789878525353E-003, 0.10695705453140755     )
 ( 0.24359562456206024     ,  9.8686491077791697E-016)
   0.0000000000000000        0.0000000000000000     
 (  9.2021119853615279     ,  5.0254167827719250E-003)
 (  8.7963491233298274     ,  7.4628070953711954E-003)
 (  8.7963491233298292     ,  7.4628070953711954E-003)
 (  9.2046947023364076     ,  9.9001974079710019E-003)
   0.0000000000000000        2.4183991523122899     
 ( 0.24433426296491945     , -1.5789838572446670E-015)
 (  2.3034789878527326E-003, 0.10695705453140519     )
 (  2.3034789878525353E-003,-0.10695705453140716     )
 ( 0.24359562456206024     , -1.3816108750890837E-015)
   2.0943951023931953       -1.2091995761561449     
 ( 0.24337801042020452     ,  7.8949192862233350E-016)
 ( -9.2997052190802246E-002, -5.1619132076375841E-002)
 ( -9.2997052190802537E-002,  5.1619132076376834E-002)
 ( 0.24329393042113848     ,  5.9211894646675012E-016)
   2.0943951023931953        1.2091995761561449     
 ( 0.24254833879368221     , -6.9080543754454186E-016)
 ( -9.0569163340657399E-002,  5.4033779597271132E-002)
 ( -9.0569163340657094E-002, -5.4033779597271923E-002)
 ( 0.24378399455685301     , -4.9343245538895848E-016)
   2.0943951023931953        3.6275987284684348     
 ( 0.25085798639923396     ,  2.7935794110077616E-015)
 (  1.0813326870518442E-003, -1.2033699335179320E-004)
 (  1.0813326870516466E-003,  1.2033699335854435E-004)
 ( 0.25068849100003010     ,  3.4083461361886534E-015)
   4.1887902047863905        0.0000000000000000     
 ( 0.25085798639923479     ,  7.2376518358810119E-016)
 (  1.0813326870524362E-003,  1.2033699335583192E-004)
 (  1.0813326870524362E-003, -1.2033699335480063E-004)
 ( 0.25068849100003088     ,  5.5318404178371516E-017)
