   -2.094395     -1.209200
  1    1        0.24512951        0.00042622        0.00000000        0.00000000
  1    2       -0.09203324        0.00010821       -0.05436690        0.00009552
  2    1       -0.09203324        0.00010821        0.05436690        0.00009552
  2    2        0.24550654        0.00041360        0.00000000        0.00000000
   -2.094395      1.209200
  1    1        0.24476647        0.00255096       -0.00000000        0.00000000
  1    2       -0.09275442        0.00090915        0.05367605        0.00013395
  2    1       -0.09275442        0.00090915       -0.05367605        0.00013395
  2    2        0.24634981        0.00027915       -0.00000000        0.00000000
    0.000000     -2.418399
  1    1        0.24584866        0.00183829        0.00000000        0.00000000
  1    2        0.00092260        0.00041909       -0.10825241        0.00062145
  2    1        0.00092260        0.00041909        0.10825241        0.00062145
  2    2        0.24606982        0.00013166        0.00000000        0.00000000
    0.000000      0.000000
  1    1        0.21108669        0.01047827        0.00000000        0.00000000
  1    2       -0.21108264        0.01078041        0.00000000        0.00000000
  2    1       -0.21108264        0.01078041        0.00000000        0.00000000
  2    2        0.21193975        0.01056025        0.00000000        0.00000000
    0.000000      2.418399
  1    1        0.24584866        0.00183829       -0.00000000        0.00000000
  1    2        0.00092260        0.00041909        0.10825241        0.00062145
  2    1        0.00092260        0.00041909       -0.10825241        0.00062145
  2    2        0.24606982        0.00013166       -0.00000000        0.00000000
    2.094395     -1.209200
  1    1        0.24476647        0.00255096        0.00000000        0.00000000
  1    2       -0.09275442        0.00090915       -0.05367605        0.00013395
  2    1       -0.09275442        0.00090915        0.05367605        0.00013395
  2    2        0.24634981        0.00027915        0.00000000        0.00000000
    2.094395      1.209200
  1    1        0.24512951        0.00042622       -0.00000000        0.00000000
  1    2       -0.09203324        0.00010821        0.05436690        0.00009552
  2    1       -0.09203324        0.00010821       -0.05436690        0.00009552
  2    2        0.24550654        0.00041360       -0.00000000        0.00000000
    2.094395      3.627599
  1    1        0.25079665        0.00267681        0.00000000        0.00000000
  1    2        0.00068563        0.00001835       -0.00055322        0.00110730
  2    1        0.00068563        0.00001835        0.00055322        0.00110730
  2    2        0.25263920        0.00053592        0.00000000        0.00000000
    4.188790      0.000000
  1    1        0.25079665        0.00267681        0.00000000        0.00000000
  1    2        0.00068563        0.00001835        0.00055322        0.00110730
  2    1        0.00068563        0.00001835       -0.00055322        0.00110730
  2    2        0.25263920        0.00053592        0.00000000        0.00000000
