   -1.000000      0.000000
  1    1       -0.00421207        0.00094454       -0.00000000        0.00000000
  1    2       -0.00276634        0.00084472       -0.00000000        0.00000000
  2    1       -0.00281931        0.00118260        0.00000000        0.00000000
  2    2       -0.00449069        0.00106610       -0.00000000        0.00000000
   -0.500000      0.866025
  1    1       -0.00445179        0.00047385       -0.00000000        0.00000000
  1    2       -0.06483478        0.00147576       -0.00000000        0.00000000
  2    1       -0.00272142        0.00075881       -0.00000000        0.00000000
  2    2       -0.00467844        0.00116008       -0.00000000        0.00000000
    0.000000      1.732051
  1    1       -0.00256274        0.00122405        0.00000000        0.00000000
  1    2       -0.00283150        0.00104727        0.00000000        0.00000000
  2    1       -0.00291212        0.00127168        0.00000000        0.00000000
  2    2       -0.00230089        0.00120085        0.00000000        0.00000000
   -0.500000     -0.866025
  1    1       -0.00457280        0.00118210       -0.00000000        0.00000000
  1    2       -0.00261593        0.00156829       -0.00000000        0.00000000
  2    1       -0.06542106        0.00134452       -0.00000000        0.00000000
  2    2       -0.00439735        0.00111526       -0.00000000        0.00000000
    0.000000      0.000000
  1    1        0.24268547        0.00282920        0.00000000        0.00000000
  1    2       -0.06416016        0.00128675        0.00000000        0.00000000
  2    1       -0.06416016        0.00128675        0.00000000        0.00000000
  2    2        0.24367450        0.00147565        0.00000000        0.00000000
    0.500000      0.866025
  1    1       -0.00457280        0.00118210        0.00000000        0.00000000
  1    2       -0.06542106        0.00134452       -0.00000000        0.00000000
  2    1       -0.00261593        0.00156829       -0.00000000        0.00000000
  2    2       -0.00439735        0.00111526        0.00000000        0.00000000
    0.500000     -0.866025
  1    1       -0.00445179        0.00047385       -0.00000000        0.00000000
  1    2       -0.00272142        0.00075881       -0.00000000        0.00000000
  2    1       -0.06483478        0.00147576        0.00000000        0.00000000
  2    2       -0.00467844        0.00116008        0.00000000        0.00000000
    1.000000      0.000000
  1    1       -0.00421207        0.00094454       -0.00000000        0.00000000
  1    2       -0.00281931        0.00118260       -0.00000000        0.00000000
  2    1       -0.00276634        0.00084472       -0.00000000        0.00000000
  2    2       -0.00449069        0.00106610       -0.00000000        0.00000000
    1.500000      0.866025
  1    1       -0.00256274        0.00122405        0.00000000        0.00000000
  1    2       -0.00291212        0.00127168        0.00000000        0.00000000
  2    1       -0.00283150        0.00104727        0.00000000        0.00000000
  2    2       -0.00230089        0.00120085        0.00000000        0.00000000
