   -1.000000      0.000000
  1    1        0.00001762        0.00005269        0.00007212        0.00022823
  1    2       -0.06102743        0.00077422        0.00023072        0.00044613
  2    1       -0.06061541        0.00023552       -0.00003487        0.00028968
  2    2        0.00001809        0.00002056        0.00008711        0.00082935
   -0.500000      0.866025
  1    1        0.00008260        0.00013061       -0.00012388        0.00014394
  1    2        0.42486339        0.00101966       -0.00056176        0.00054049
  2    1       -0.06137867        0.00074707        0.00022183        0.00064203
  2    2       -0.00011194        0.00060786        0.00008839        0.00051960
    0.000000      1.732051
  1    1        0.00002220        0.00029698       -0.00006628        0.00034152
  1    2       -0.06096558        0.00121296        0.00025346        0.00048729
  2    1       -0.06103651        0.00116280       -0.00051976        0.00007155
  2    2       -0.00013383        0.00004380       -0.00023622        0.00115386
   -0.500000     -0.866025
  1    1       -0.00006470        0.00063589        0.00007807        0.00011405
  1    2       -0.06031256        0.00025884       -0.00016259        0.00042328
  2    1        0.42381033        0.00124206       -0.00002719        0.00049929
  2    2        0.00005350        0.00009233        0.00015073        0.00076017
    0.000000      0.000000
  1    1        1.00000000        0.00000000        0.00026694        0.00014625
  1    2        0.42386180        0.00169130       -0.00019503        0.00055575
  2    1        0.42386180        0.00169130        0.00019503        0.00055575
  2    2        1.00000000        0.00000002       -0.00047699        0.00070274
    0.500000      0.866025
  1    1        0.00006470        0.00063589        0.00007807        0.00011405
  1    2        0.42381033        0.00124206        0.00002719        0.00049929
  2    1       -0.06031256        0.00025884        0.00016259        0.00042328
  2    2       -0.00005350        0.00009233        0.00015073        0.00076017
    0.500000     -0.866025
  1    1       -0.00008260        0.00013061       -0.00012388        0.00014394
  1    2       -0.06137867        0.00074707       -0.00022183        0.00064203
  2    1        0.42486339        0.00101966        0.00056176        0.00054049
  2    2        0.00011194        0.00060786        0.00008839        0.00051960
    1.000000      0.000000
  1    1       -0.00001762        0.00005269        0.00007212        0.00022823
  1    2       -0.06061541        0.00023552        0.00003487        0.00028968
  2    1       -0.06102743        0.00077422       -0.00023072        0.00044613
  2    2       -0.00001809        0.00002056        0.00008711        0.00082935
    1.500000      0.866025
  1    1       -0.00002220        0.00029698       -0.00006628        0.00034152
  1    2       -0.06103651        0.00116280        0.00051976        0.00007155
  2    1       -0.06096558        0.00121296       -0.00025346        0.00048729
  2    2        0.00013383        0.00004380       -0.00023622        0.00115386
