   -2.094395     -1.209200
  1    1        1.00000000        0.00000001        0.00005528        0.00109117
  1    2        0.72765597        0.00020629        0.41825064        0.00005050
  2    1        0.72765597        0.00020629       -0.41825064        0.00005050
  2    2        1.00000000        0.00000000       -0.00065763        0.00014765
   -2.094395      1.209200
  1    1        1.00000000        0.00000000        0.00032909        0.00072312
  1    2        0.72708427        0.00113766       -0.42126065        0.00098847
  2    1        0.72708427        0.00113766        0.42126065        0.00098847
  2    2        1.00000000        0.00000000        0.00027954        0.00163510
    0.000000     -2.418399
  1    1        1.00000000        0.00000001        0.00073994        0.00032547
  1    2       -0.00037182        0.00126239        0.84044271        0.00092234
  2    1       -0.00037182        0.00126239       -0.84044271        0.00092234
  2    2        1.00000000        0.00000001       -0.00036042        0.00045857
    0.000000      0.000000
  1    1        1.00000000        0.00000000        0.00018699        0.00043567
  1    2        0.90719935        0.00021031       -0.00007521        0.00078059
  2    1        0.90719935        0.00021031        0.00007521        0.00078059
  2    2        1.00000000        0.00000000       -0.00029698        0.00120779
    0.000000      2.418399
  1    1        1.00000000        0.00000000        0.00030657        0.00104701
  1    2       -0.00017064        0.00099258       -0.84015582        0.00133965
  2    1       -0.00017064        0.00099258        0.84015582        0.00133965
  2    2        1.00000000        0.00000001       -0.00025089        0.00211869
    2.094395     -1.209200
  1    1        1.00000000        0.00000000        0.00075318        0.00003571
  1    2        0.72779507        0.00035615        0.42034454        0.00032984
  2    1        0.72779507        0.00035615       -0.42034454        0.00032984
  2    2        1.00000000        0.00000002       -0.00050918        0.00039006
    2.094395      1.209200
  1    1        1.00000000        0.00000001       -0.00018473        0.00195787
  1    2        0.72718422        0.00019031       -0.42111130        0.00063253
  2    1        0.72718422        0.00019031        0.42111130        0.00063253
  2    2        1.00000000        0.00000000        0.00005397        0.00005076
    2.094395      3.627599
  1    1        1.00000000        0.00000000        0.00010759        0.00244188
  1    2       -0.00143846        0.00866604       -0.00128718        0.00019964
  2    1       -0.00143846        0.00866604        0.00128718        0.00019964
  2    2        1.00000000        0.00000000       -0.00114310        0.00426226
    4.188790      0.000000
  1    1        1.00000000        0.00000000        0.00010854        0.00039587
  1    2       -0.00018177        0.00374547        0.00309697        0.00236353
  2    1       -0.00018177        0.00374547       -0.00309697        0.00236353
  2    2        1.00000000        0.00000001       -0.00140821        0.00597690
