   1.0000000000000000                2           9
 (  0.0000000000000000     ,  0.0000000000000000     )
 (  0.0000000000000000     ,  0.0000000000000000     )
  -2.0943951023931953       -1.2091995761561449     
 ( 0.99999999999999900     , -4.3350706794695619E-004)
 ( 0.72799946096505042     , 0.42011693549751189     )
 ( 0.72799946096504975     ,-0.42011693549751200     )
 ( 0.99999999999999922     ,  1.0111524425432980E-003)
  -2.0943951023931953        1.2091995761561449     
 (  1.0000000000000002     , -1.2731579989131848E-003)
 ( 0.72612966361915743     ,-0.41907898102583885     )
 ( 0.72612966361915765     , 0.41907898102583857     )
 (  1.0000000000000009     , -5.6592765232469896E-004)
   0.0000000000000000       -2.4183991523122899     
 ( 0.99999999999999922     , -2.0631462144167540E-003)
 ( -1.0407335992365220E-003, 0.83818487384529938     )
 ( -1.0407335992367872E-003,-0.83818487384529894     )
 ( 0.99999999999999944     ,  1.0255178711992216E-003)
   0.0000000000000000        0.0000000000000000     
 (  1.0000000000000031     , -1.0144446218151269E-003)
 ( 0.90579710108464595     ,  8.9992040087013420E-004)
 ( 0.90579710108464573     , -8.9992040087034193E-004)
 (  1.0000000000000033     , -7.1323674646106431E-004)
   0.0000000000000000        2.4183991523122899     
 ( 0.99999999999999944     ,  6.7061103830205716E-004)
 (  8.3827197039856556E-004,-0.83871304157221305     )
 (  8.3827197039879368E-004, 0.83871304157221305     )
 ( 0.99999999999999922     ,  2.6342862045277413E-004)
   2.0943951023931953       -1.2091995761561449     
 (  1.0000000000000004     , -2.8860972366038146E-004)
 ( 0.72515076112176624     , 0.42041768163066329     )
 ( 0.72515076112176613     ,-0.42041768163066340     )
 (  1.0000000000000002     , -1.0609030906028319E-004)
   2.0943951023931953        1.2091995761561449     
 ( 0.99999999999999900     ,  1.3695850142495687E-003)
 ( 0.72692170490559671     ,-0.41722473688113115     )
 ( 0.72692170490559604     , 0.41722473688113104     )
 ( 0.99999999999999900     ,  5.7828883931600986E-004)
   2.0943951023931953        3.6275987284684348     
 (  1.0000000000000004     , -2.4964910186877887E-003)
 ( -9.0210343478427744E-003, -6.7411291598609684E-003)
 ( -9.0210343478423129E-003,  6.7411291598606848E-003)
 ( 0.99999999999999944     ,  5.0262552247128578E-004)
   4.1887902047863905        0.0000000000000000     
 (  1.0000000000000000     ,  6.2380551591137380E-004)
 ( -6.5588967755575928E-003,  3.7109688733801532E-003)
 ( -6.5588967755568772E-003, -3.7109688733797711E-003)
 ( 0.99999999999999944     ,  5.9560382162984621E-003)
   1.0000000000000000                2           9
 (  0.0000000000000000     ,  0.0000000000000000     )
 (  0.0000000000000000     ,  0.0000000000000000     )
  -2.0943951023931953       -1.2091995761561449     
 ( 0.99999999999999878     ,  3.3878766637587240E-004)
 ( 0.72857926379383631     , 0.42070509977091602     )
 ( 0.72857926379383675     ,-0.42070509977091614     )
 ( 0.99999999999999956     , -9.0359611964676057E-005)
  -2.0943951023931953        1.2091995761561449     
 (  1.0000000000000000     ,  3.8350604365886828E-004)
 ( 0.72718427643870365     ,-0.42060185791720339     )
 ( 0.72718427643870376     , 0.42060185791720461     )
 (  1.0000000000000009     ,  3.2660810333770963E-004)
   0.0000000000000000       -2.4183991523122899     
 ( 0.99999999999999922     , -2.3460622627212140E-003)
 ( -7.0222688932029354E-004, 0.84020777750848064     )
 ( -7.0222688932083022E-004,-0.84020777750848208     )
 ( 0.99999999999999922     ,  1.0844374681239957E-003)
   0.0000000000000000        0.0000000000000000     
 (  1.0000000000000029     , -6.1050307724475853E-004)
 ( 0.90747645185739600     ,  4.2782570052589088E-004)
 ( 0.90747645185739756     , -4.2782570052525559E-004)
 (  1.0000000000000040     , -5.8519245044971226E-004)
   0.0000000000000000        2.4183991523122899     
 ( 0.99999999999999922     , -3.7565284818976921E-004)
 (  1.0537634061289676E-003,-0.84107510967138743     )
 (  1.0537634061274072E-003, 0.84107510967138843     )
 ( 0.99999999999999956     ,  5.7040287077262633E-004)
   2.0943951023931953       -1.2091995761561449     
 (  1.0000000000000002     , -1.3680106642531111E-003)
 ( 0.72711554039614745     , 0.42161804603048236     )
 ( 0.72711554039614779     ,-0.42161804603048264     )
 (  1.0000000000000009     ,  1.3284014496880714E-003)
   2.0943951023931953        1.2091995761561449     
 ( 0.99999999999999900     ,  6.5500005756801794E-005)
 ( 0.72753699047135767     ,-0.42000851786391524     )
 ( 0.72753699047135811     , 0.42000851786391580     )
 ( 0.99999999999999944     , -6.2123854456148020E-004)
   2.0943951023931953        3.6275987284684348     
 (  1.0000000000000000     , -1.1074255619231950E-003)
 (  4.9720350163481681E-003,  2.3984067400699195E-003)
 (  4.9720350163473537E-003, -2.3984067400705153E-003)
 ( 0.99999999999999956     ,  6.2288829859220233E-004)
   4.1887902047863905        0.0000000000000000     
 ( 0.99999999999999978     ,  4.9704410505259115E-003)
 ( -6.2067129327387166E-003,  7.2026831980007307E-004)
 ( -6.2067129327396846E-003, -7.2026831980001116E-004)
 ( 0.99999999999999978     , -1.3771008302988839E-003)
   1.0000000000000000                2           9
 (  0.0000000000000000     ,  0.0000000000000000     )
 (  0.0000000000000000     ,  0.0000000000000000     )
  -2.0943951023931953       -1.2091995761561449     
 ( 0.99999999999999900     ,  2.0945819522471590E-003)
 ( 0.72647464851900800     , 0.41865931912969084     )
 ( 0.72647464851900800     ,-0.41865931912969162     )
 ( 0.99999999999999878     ,  2.9419035978818227E-004)
  -2.0943951023931953        1.2091995761561449     
 (  1.0000000000000000     , -5.1832215305842790E-004)
 ( 0.72577508202940066     ,-0.42057464735179612     )
 ( 0.72577508202940177     , 0.42057464735179617     )
 (  1.0000000000000002     , -1.2390532585081610E-003)
   0.0000000000000000       -2.4183991523122899     
 ( 0.99999999999999900     ,  1.4853224832242001E-003)
 ( -8.0560489963713933E-004, 0.83876508021747398     )
 ( -8.0560489963691728E-004,-0.83876508021747409     )
 ( 0.99999999999999922     , -2.0777808601344142E-003)
   0.0000000000000000        0.0000000000000000     
 (  1.0000000000000031     ,  1.1808543227927388E-003)
 ( 0.90586452415577368     ,  5.3301659307268317E-004)
 ( 0.90586452415577456     , -5.3301659307259893E-004)
 (  1.0000000000000036     ,  8.8375158246695946E-005)
   0.0000000000000000        2.4183991523122899     
 ( 0.99999999999999900     ,  8.4456950732638759E-004)
 ( -5.9695807135831365E-004,-0.83846468783111583     )
 ( -5.9695807135791889E-004, 0.83846468783111605     )
 ( 0.99999999999999900     , -1.6798678425849797E-004)
   2.0943951023931953       -1.2091995761561449     
 (  1.0000000000000002     ,  1.0317645316985180E-003)
 ( 0.72577766304395441     , 0.42162011234514751     )
 ( 0.72577766304395575     ,-0.42162011234514746     )
 (  1.0000000000000004     , -3.0271694230700921E-003)
   2.0943951023931953        1.2091995761561449     
 ( 0.99999999999999922     , -2.3036411365226885E-004)
 ( 0.72744744168130848     ,-0.41822333502673403     )
 ( 0.72744744168130859     , 0.41822333502673520     )
 ( 0.99999999999999922     , -1.4040171171475174E-003)
   2.0943951023931953        3.6275987284684348     
 (  1.0000000000000000     , -6.1258680499588995E-003)
 (  3.4279608704214219E-004,  1.5385743821525963E-003)
 (  3.4279608704220382E-004, -1.5385743821526377E-003)
 ( 0.99999999999999922     ,  7.6760880335088649E-004)
   4.1887902047863905        0.0000000000000000     
 ( 0.99999999999999978     , -4.2662839952022861E-004)
 ( -5.7975205663732326E-003, -4.1603244519507606E-003)
 ( -5.7975205663725110E-003,  4.1603244519509020E-003)
 ( 0.99999999999999956     ,  4.5566562597188272E-003)
   1.0000000000000000                2           9
 (  0.0000000000000000     ,  0.0000000000000000     )
 (  0.0000000000000000     ,  0.0000000000000000     )
  -2.0943951023931953       -1.2091995761561449     
 ( 0.99999999999999900     ,  2.5962239455824181E-004)
 ( 0.72727057166620612     , 0.41975015283775263     )
 ( 0.72727057166620579     ,-0.41975015283775202     )
 ( 0.99999999999999922     ,  6.3262671228473907E-004)
  -2.0943951023931953        1.2091995761561449     
 (  1.0000000000000002     ,  1.9691210438033292E-004)
 ( 0.72566176560560958     ,-0.41896627222226412     )
 ( 0.72566176560560913     , 0.41896627222226362     )
 (  1.0000000000000007     , -9.9464517121725603E-004)
   0.0000000000000000       -2.4183991523122899     
 ( 0.99999999999999900     , -6.2611107868688095E-004)
 (  4.3436256356157689E-004, 0.83825138664262588     )
 (  4.3436256356181130E-004,-0.83825138664262555     )
 ( 0.99999999999999944     , -4.8132436011940205E-006)
   0.0000000000000000        0.0000000000000000     
 (  1.0000000000000027     ,  7.5582893850637808E-006)
 ( 0.90577643861542412     , -2.6363056835133615E-004)
 ( 0.90577643861542301     ,  2.6363056835130970E-004)
 (  1.0000000000000036     ,  4.0472714245524299E-004)
   0.0000000000000000        2.4183991523122899     
 ( 0.99999999999999900     ,  8.3045482170291188E-004)
 (  1.0802187966951144E-003,-0.83903810048845417     )
 (  1.0802187966953980E-003, 0.83903810048845395     )
 ( 0.99999999999999922     ,  6.4615306614995509E-004)
   2.0943951023931953       -1.2091995761561449     
 (  1.0000000000000002     , -1.8012219188206918E-003)
 ( 0.72691468977126417     , 0.42029909924795450     )
 ( 0.72691468977126350     ,-0.42029909924795439     )
 (  1.0000000000000007     ,  1.5206656651772853E-003)
   2.0943951023931953        1.2091995761561449     
 ( 0.99999999999999900     , -9.8347000427467519E-004)
 ( 0.72760305170432615     ,-0.41907811499307690     )
 ( 0.72760305170432604     , 0.41907811499307607     )
 ( 0.99999999999999900     ,  1.0877710103628486E-003)
   2.0943951023931953        3.6275987284684348     
 (  1.0000000000000000     , -2.7088048176820887E-003)
 ( -6.5312916794472891E-003,  4.9402411681114108E-003)
 ( -6.5312916794466169E-003, -4.9402411681115574E-003)
 ( 0.99999999999999944     ,  2.4797715499830925E-003)
   4.1887902047863905        0.0000000000000000     
 ( 0.99999999999999978     ,  2.6336104613798781E-003)
 ( -1.1538490028847697E-003, -2.4294223676811560E-003)
 ( -1.1538490028843256E-003,  2.4294223676804838E-003)
 ( 0.99999999999999956     , -5.8447620648538305E-003)
   1.0000000000000000                2           9
 (  0.0000000000000000     ,  0.0000000000000000     )
 (  0.0000000000000000     ,  0.0000000000000000     )
  -2.0943951023931953       -1.2091995761561449     
 ( 0.99999999999999900     ,  5.3001947883195147E-004)
 ( 0.72834804818421850     , 0.41901705629269520     )
 ( 0.72834804818421928     ,-0.41901705629269392     )
 ( 0.99999999999999900     , -9.3013111566277466E-004)
  -2.0943951023931953        1.2091995761561449     
 (  1.0000000000000000     ,  1.6310060818326452E-003)
 ( 0.72543860576355723     ,-0.42251125595789812     )
 ( 0.72543860576355568     , 0.42251125595789901     )
 (  1.0000000000000007     , -2.6819583629980356E-003)
   0.0000000000000000       -2.4183991523122899     
 ( 0.99999999999999900     ,  2.0688924041954181E-003)
 ( -2.0098652699466818E-003, 0.83996222872685544     )
 ( -2.0098652699454237E-003,-0.83996222872685466     )
 ( 0.99999999999999922     , -7.3644957284938004E-004)
   0.0000000000000000        0.0000000000000000     
 (  1.0000000000000027     ,  9.7288498628450375E-004)
 ( 0.90707845660450159     , -8.5496293346445712E-004)
 ( 0.90707845660450004     ,  8.5496293346547269E-004)
 (  1.0000000000000033     ,  7.1223930014663458E-004)
   0.0000000000000000        2.4183991523122899     
 ( 0.99999999999999922     ,  1.1175745301835972E-003)
 ( -3.3886615655369903E-003,-0.83920835056660570     )
 ( -3.3886615655376565E-003, 0.83920835056660503     )
 ( 0.99999999999999944     , -1.2627702315573795E-003)
   2.0943951023931953       -1.2091995761561449     
 (  1.0000000000000002     , -8.7764927697382852E-004)
 ( 0.72669727681316809     , 0.41945240068942691     )
 ( 0.72669727681316731     ,-0.41945240068942602     )
 (  1.0000000000000007     , -1.2464252660871835E-003)
   2.0943951023931953        1.2091995761561449     
 ( 0.99999999999999900     ,  7.4330168287335089E-004)
 ( 0.72739445587380169     ,-0.41944590765022832     )
 ( 0.72739445587380103     , 0.41944590765022849     )
 ( 0.99999999999999922     ,  7.0422149761462007E-004)
   2.0943951023931953        3.6275987284684348     
 (  1.0000000000000000     , -3.0878031817288044E-003)
 ( -2.4716848939863529E-003, -7.6887896444666082E-003)
 ( -2.4716848939868464E-003,  7.6887896444662318E-003)
 ( 0.99999999999999956     ,  2.2624681399207734E-003)
   4.1887902047863905        0.0000000000000000     
 (  1.0000000000000002     , -7.6263324125186976E-003)
 ( -6.1058988116045043E-003,  8.3958523751720936E-004)
 ( -6.1058988116048374E-003, -8.3958523751703198E-004)
 ( 0.99999999999999944     ,  3.1316776822789562E-004)
   1.0000000000000000                2           9
 (  0.0000000000000000     ,  0.0000000000000000     )
 (  0.0000000000000000     ,  0.0000000000000000     )
  -2.0943951023931953       -1.2091995761561449     
 ( 0.99999999999999900     ,  4.8531370981530063E-004)
 ( 0.72911373966476689     , 0.41813721713887925     )
 ( 0.72911373966476534     ,-0.41813721713887941     )
 ( 0.99999999999999944     , -3.2696497350960172E-004)
  -2.0943951023931953        1.2091995761561449     
 (  1.0000000000000002     , -4.2673885202534494E-004)
 ( 0.72700823652181201     ,-0.42136017405426190     )
 ( 0.72700823652181135     , 0.42136017405426074     )
 (  1.0000000000000004     ,  7.4567832087723217E-004)
   0.0000000000000000       -2.4183991523122899     
 ( 0.99999999999999944     ,  2.3292586944813700E-004)
 (  6.9426315615070703E-004, 0.84022198575619167     )
 (  6.9426315614910957E-004,-0.84022198575619100     )
 ( 0.99999999999999922     , -1.0712867728485441E-003)
   0.0000000000000000        0.0000000000000000     
 (  1.0000000000000027     , -8.5691269530437347E-004)
 ( 0.90683609798443976     ,  1.1498711074195260E-003)
 ( 0.90683609798443776     , -1.1498711074202717E-003)
 (  1.0000000000000036     ,  7.9770268180900711E-004)
   0.0000000000000000        2.4183991523122899     
 ( 0.99999999999999878     , -7.3121730066466354E-005)
 (  1.5149981456609790E-003,-0.83929828306312715     )
 (  1.5149981456611086E-003, 0.83929828306312648     )
 ( 0.99999999999999956     ,  2.2467801902206369E-003)
   2.0943951023931953       -1.2091995761561449     
 (  1.0000000000000000     ,  2.2594668184998429E-003)
 ( 0.72692831848894379     , 0.41971075995205848     )
 ( 0.72692831848894224     ,-0.41971075995205820     )
 (  1.0000000000000007     , -1.2495110482931369E-003)
   2.0943951023931953        1.2091995761561449     
 ( 0.99999999999999900     , -2.2806045667835952E-003)
 ( 0.72894733517414467     ,-0.41919925696644000     )
 ( 0.72894733517414401     , 0.41919925696643884     )
 ( 0.99999999999999922     ,  2.7671803726518509E-003)
   2.0943951023931953        3.6275987284684348     
 (  1.0000000000000002     , -6.7326494274282990E-004)
 (  4.6394708684213510E-003, -6.8517508243881812E-003)
 (  4.6394708684205123E-003,  6.8517508243882020E-003)
 ( 0.99999999999999956     , -3.6220748783918253E-003)
   4.1887902047863905        0.0000000000000000     
 (  1.0000000000000002     , -1.1270978931596570E-003)
 (  6.9408390305196370E-003,  6.4334267363427722E-003)
 (  6.9408390305187861E-003, -6.4334267363432250E-003)
 ( 0.99999999999999944     , -5.5839736758449025E-003)
   1.0000000000000000                2           9
 (  0.0000000000000000     ,  0.0000000000000000     )
 (  0.0000000000000000     ,  0.0000000000000000     )
  -2.0943951023931953       -1.2091995761561449     
 ( 0.99999999999999900     ,  1.1683821349681215E-003)
 ( 0.72590646112094714     , 0.41829263896999386     )
 ( 0.72590646112094759     ,-0.41829263896999497     )
 ( 0.99999999999999900     , -1.1971032805703249E-003)
  -2.0943951023931953        1.2091995761561449     
 (  1.0000000000000002     ,  6.2276253381243123E-005)
 ( 0.72876920952561741     ,-0.41976321816709866     )
 ( 0.72876920952561797     , 0.41976321816709894     )
 (  1.0000000000000007     ,  2.1257978553248414E-003)
   0.0000000000000000       -2.4183991523122899     
 ( 0.99999999999999900     ,  7.8668395017150088E-004)
 (  3.4737022632157992E-004, 0.83935905320458004     )
 (  3.4737022632237561E-004,-0.83935905320458071     )
 ( 0.99999999999999944     , -2.9806585559207454E-004)
   0.0000000000000000        0.0000000000000000     
 (  1.0000000000000027     ,  6.1477716720390496E-004)
 ( 0.90726518338297835     , -1.9636466537106842E-004)
 ( 0.90726518338298112     ,  1.9636466537100924E-004)
 (  1.0000000000000036     ,  3.1641078455852615E-004)
   0.0000000000000000        2.4183991523122899     
 ( 0.99999999999999922     , -7.9442883793011171E-004)
 ( -4.5255203826310368E-004,-0.83911879756836194     )
 ( -4.5255203826212302E-004, 0.83911879756836261     )
 ( 0.99999999999999922     ,  2.4771879004176656E-004)
   2.0943951023931953       -1.2091995761561449     
 (  1.0000000000000000     , -7.0260291753268804E-004)
 ( 0.72815814399891310     , 0.42051184779720985     )
 ( 0.72815814399891365     ,-0.42051184779721029     )
 (  1.0000000000000007     , -3.2047420034042324E-004)
   2.0943951023931953        1.2091995761561449     
 ( 0.99999999999999878     , -8.5769647244940113E-004)
 ( 0.72569023707146241     ,-0.42212880630671235     )
 ( 0.72569023707146352     , 0.42212880630671318     )
 ( 0.99999999999999900     , -2.7310308429212464E-003)
   2.0943951023931953        3.6275987284684348     
 ( 0.99999999999999978     ,  4.3417808956087356E-003)
 (  4.7392323677096044E-003,  4.5597352696631968E-003)
 (  4.7392323677101595E-003, -4.5597352696628854E-003)
 ( 0.99999999999999922     , -4.6918757145124152E-003)
   4.1887902047863905        0.0000000000000000     
 (  1.0000000000000000     ,  7.8434011591550724E-004)
 ( -2.0074772808202791E-003,  3.1030573251082808E-003)
 ( -2.0074772808197239E-003, -3.1030573251086269E-003)
 ( 0.99999999999999944     , -5.6850634980558411E-003)
   1.0000000000000000                2           9
 (  0.0000000000000000     ,  0.0000000000000000     )
 (  0.0000000000000000     ,  0.0000000000000000     )
  -2.0943951023931953       -1.2091995761561449     
 ( 0.99999999999999944     ,  5.5586114462574741E-004)
 ( 0.72788732806238676     , 0.41619514733022023     )
 ( 0.72788732806238665     ,-0.41619514733021989     )
 ( 0.99999999999999922     , -2.5811199892946594E-003)
  -2.0943951023931953        1.2091995761561449     
 (  1.0000000000000002     ,  2.2171046035044015E-003)
 ( 0.72614202210155887     ,-0.42360987535634709     )
 ( 0.72614202210155832     , 0.42360987535634764     )
 (  1.0000000000000007     , -2.2055605668515198E-003)
   0.0000000000000000       -2.4183991523122899     
 ( 0.99999999999999900     ,  2.4074584373931906E-003)
 ( -5.4980700012327880E-004, 0.84115578045216177     )
 ( -5.4980700012310620E-004,-0.84115578045216166     )
 ( 0.99999999999999944     , -1.5958496247828859E-003)
   0.0000000000000000        0.0000000000000000     
 (  1.0000000000000031     ,  6.7495504054802314E-004)
 ( 0.90721315539950631     , -9.7434796832547577E-004)
 ( 0.90721315539950587     ,  9.7434796832555925E-004)
 (  1.0000000000000036     , -2.4538121457166099E-003)
   0.0000000000000000        2.4183991523122899     
 ( 0.99999999999999922     ,  2.4130808114925387E-003)
 ( -1.5121576222490748E-003,-0.84168854394128312     )
 ( -1.5121576222489885E-003, 0.84168854394128312     )
 ( 0.99999999999999944     , -2.8598235105778474E-003)
   2.0943951023931953       -1.2091995761561449     
 (  1.0000000000000002     ,  2.7973883379690517E-003)
 ( 0.72814224090181368     , 0.42040212146435368     )
 ( 0.72814224090181356     ,-0.42040212146435441     )
 (  1.0000000000000004     , -4.9318869072932029E-004)
   2.0943951023931953        1.2091995761561449     
 ( 0.99999999999999900     ,  8.7226217636053843E-004)
 ( 0.72814361088849144     ,-0.42161889529286495     )
 ( 0.72814361088849122     , 0.42161889529286467     )
 ( 0.99999999999999922     ,  4.4003663986863544E-004)
   2.0943951023931953        3.6275987284684348     
 (  1.0000000000000004     , -6.0555856357670211E-003)
 ( -1.0266368706780616E-002, -2.4175368423778498E-003)
 ( -1.0266368706780635E-002,  2.4175368423778013E-003)
 ( 0.99999999999999922     ,  3.8861530567342851E-003)
   4.1887902047863905        0.0000000000000000     
 (  1.0000000000000000     , -1.7288575233964745E-003)
 ( -2.4113595080399574E-003,  7.8778623070020412E-003)
 ( -2.4113595080406114E-003, -7.8778623070028322E-003)
 ( 0.99999999999999922     ,  3.2716294863072491E-003)
   1.0000000000000000                2           9
 (  0.0000000000000000     ,  0.0000000000000000     )
 (  0.0000000000000000     ,  0.0000000000000000     )
  -2.0943951023931953       -1.2091995761561449     
 ( 0.99999999999999922     , -1.9884524939698918E-003)
 ( 0.72771635729442263     , 0.42037755704553303     )
 ( 0.72771635729442252     ,-0.42037755704553342     )
 ( 0.99999999999999922     ,  1.4746699296116208E-003)
  -2.0943951023931953        1.2091995761561449     
 (  1.0000000000000002     , -5.3628904670627374E-004)
 ( 0.72641762460355841     ,-0.42030932527545795     )
 ( 0.72641762460355919     , 0.42030932527545806     )
 (  1.0000000000000004     ,  4.5226279543122511E-004)
   0.0000000000000000       -2.4183991523122899     
 ( 0.99999999999999922     , -4.6729441431120073E-004)
 ( -1.9791239774102107E-003, 0.84103403238820063     )
 ( -1.9791239774098655E-003,-0.84103403238820107     )
 ( 0.99999999999999944     ,  1.5235321998189105E-003)
   0.0000000000000000        0.0000000000000000     
 (  1.0000000000000029     ,  3.1515958708130991E-004)
 ( 0.90748297875718320     , -2.7998337748876684E-004)
 ( 0.90748297875718342     ,  2.7998337748886523E-004)
 (  1.0000000000000031     ,  1.5176635733686426E-004)
   0.0000000000000000        2.4183991523122899     
 ( 0.99999999999999922     , -3.1923631761968953E-004)
 ( -2.3284187278793049E-004,-0.84051764753335334     )
 ( -2.3284187278759742E-004, 0.84051764753335434     )
 ( 0.99999999999999944     , -6.3824759058483753E-004)
   2.0943951023931953       -1.2091995761561449     
 (  1.0000000000000004     , -1.3415137955869289E-003)
 ( 0.72795156914981141     , 0.42075342748042577     )
 ( 0.72795156914981252     ,-0.42075342748042560     )
 (  1.0000000000000004     ,  2.6473671648624181E-005)
   2.0943951023931953        1.2091995761561449     
 ( 0.99999999999999900     ,  1.5271340940728130E-003)
 ( 0.72595569411470906     ,-0.42149823429921957     )
 ( 0.72595569411470917     , 0.42149823429922023     )
 ( 0.99999999999999900     , -2.6031238360905111E-004)
   2.0943951023931953        3.6275987284684348     
 (  1.0000000000000002     ,  2.8174221860073579E-003)
 ( -4.8661894490513108E-003, -4.3915507399732784E-004)
 ( -4.8661894490517671E-003,  4.3915507399781817E-004)
 ( 0.99999999999999944     , -1.4460118190396675E-004)
   4.1887902047863905        0.0000000000000000     
 (  1.0000000000000002     ,  2.5057785924179786E-003)
 ( -3.2490794292844541E-003, -5.0264511341632564E-003)
 ( -3.2490794292846146E-003,  5.0264511341634116E-003)
 ( 0.99999999999999944     ,  2.3645549062365394E-003)
