   1.0000000000000000                2           9
 (  0.0000000000000000     ,  0.0000000000000000     )
 (  0.0000000000000000     ,  0.0000000000000000     )
  -2.0943951023931953       -1.2091995761561449     
 ( 0.65881297098791158     , -1.3569392523196359E-016)
 (-0.28793780149242471     ,-0.16408588999259444     )
 (-0.28793780149242448     , 0.16408588999259419     )
 ( 0.65671797027968770     , -2.4671622769447922E-017)
  -2.0943951023931953        1.2091995761561449     
 ( 0.65658689136716109     , -1.9737298215558337E-016)
 (-0.28041583273429738     , 0.16873755239505217     )
 (-0.28041583273429760     ,-0.16873755239505217     )
 ( 0.65728046966475118     , -1.8503717077085943E-016)
   0.0000000000000000       -2.4183991523122899     
 ( 0.65850318953813425     , -4.9343245538895844E-017)
 (  3.3108497313268062E-003,-0.33279434923345375     )
 (  3.3108497313270036E-003, 0.33279434923345319     )
 ( 0.65845732617966723     , -4.9343245538895844E-017)
   0.0000000000000000        0.0000000000000000     
 (  1.5843050091477029     , -1.9460449046884797E-016)
 ( -1.5419814046089602     ,  1.5999755161133072E-016)
 ( -1.5419814046089604     ,  1.5999755161133082E-016)
 (  1.5852380209033337     , -1.8128545879938611E-016)
   0.0000000000000000        2.4183991523122899     
 ( 0.65850318953813425     , -2.4671622769447924E-016)
 (  3.3108497313270036E-003, 0.33279434923345347     )
 (  3.3108497313268062E-003,-0.33279434923345336     )
 ( 0.65845732617966723     , -2.4671622769447924E-016)
   2.0943951023931953       -1.2091995761561449     
 ( 0.65658689136716097     , -1.4802973661668753E-016)
 (-0.28041583273429754     ,-0.16873755239505231     )
 (-0.28041583273429738     , 0.16873755239505206     )
 ( 0.65728046966475129     , -8.6350679693067732E-017)
   2.0943951023931953        1.2091995761561449     
 ( 0.65881297098791147     , -2.0970879354030734E-016)
 (-0.28793780149242448     , 0.16408588999259432     )
 (-0.28793780149242476     ,-0.16408588999259421     )
 ( 0.65671797027968781     , -1.7270135938613546E-016)
   2.0943951023931953        3.6275987284684348     
 ( 0.62162496253992849     ,  1.7362136833437638E-016)
 (  4.6716163414947974E-004,  2.9099830116130045E-003)
 (  4.6716163414930702E-004, -2.9099830116136854E-003)
 ( 0.62102896281326547     ,  1.8854649993557764E-016)
   4.1887902047863905        0.0000000000000000     
 ( 0.62162496253992872     , -8.3323899921288387E-017)
 (  4.6716163414908498E-004, -2.9099830116131940E-003)
 (  4.6716163414906031E-004,  2.9099830116130513E-003)
 ( 0.62102896281326558     , -8.0851848671832596E-017)
   1.0000000000000000                2           9
 (  0.0000000000000000     ,  0.0000000000000000     )
 (  0.0000000000000000     ,  0.0000000000000000     )
  -2.0943951023931953       -1.2091995761561449     
 ( 0.66049140303625675     ,  2.9605947323337506E-016)
 (-0.28737820522483737     ,-0.16547028589764520     )
 (-0.28737820522483759     , 0.16547028589764484     )
 ( 0.65875294675992868     ,  3.2073109600282300E-016)
  -2.0943951023931953        1.2091995761561449     
 ( 0.65994190574539513     ,  2.3438041630975528E-016)
 (-0.28802512494317706     , 0.16602973784546007     )
 (-0.28802512494317706     ,-0.16602973784546024     )
 ( 0.65913946981142735     ,  1.7270135938613546E-016)
   0.0000000000000000       -2.4183991523122899     
 ( 0.66066358337776221     ,  2.9605947323337506E-016)
 (  5.9426711050242838E-004,-0.33206741572858778     )
 (  5.9426711050225567E-004, 0.33206741572858756     )
 ( 0.66053189198989026     ,  2.0970879354030734E-016)
   0.0000000000000000        0.0000000000000000     
 (  1.5919278223921258     ,  3.9652498766032062E-016)
 ( -1.5483305895352784     , -3.2024698264088639E-016)
 ( -1.5483305895352784     , -3.2024698264088664E-016)
 (  1.5912659942678629     ,  2.3643651504062421E-016)
   0.0000000000000000        2.4183991523122899     
 ( 0.66066358337776221     ,  9.8686491077791687E-017)
 (  5.9426711050225567E-004, 0.33206741572858778     )
 (  5.9426711050242838E-004,-0.33206741572858756     )
 ( 0.66053189198989049     ,  3.7007434154171883E-017)
   2.0943951023931953       -1.2091995761561449     
 ( 0.65994190574539502     ,  3.3306690738754696E-016)
 (-0.28802512494317700     ,-0.16602973784546027     )
 (-0.28802512494317695     , 0.16602973784546002     )
 ( 0.65913946981142724     ,  4.1941758708061468E-016)
   2.0943951023931953        1.2091995761561449     
 ( 0.66049140303625675     ,  1.9737298215558337E-016)
 (-0.28737820522483765     , 0.16547028589764501     )
 (-0.28737820522483737     ,-0.16547028589764504     )
 ( 0.65875294675992879     ,  2.4671622769447924E-016)
   2.0943951023931953        3.6275987284684348     
 ( 0.62355208108580185     ,  5.7782493666372489E-016)
 ( -7.0706198815884136E-006, -2.7331006782490620E-004)
 ( -7.0706198816500928E-006,  2.7331006782427351E-004)
 ( 0.62114175364949220     ,  5.4630633800407410E-016)
   4.1887902047863905        0.0000000000000000     
 ( 0.62355208108580185     ,  2.4644210512736271E-016)
 ( -7.0706198819584882E-006,  2.7331006782479648E-004)
 ( -7.0706198818968090E-006, -2.7331006782479290E-004)
 ( 0.62114175364949231     ,  2.5220823973382451E-016)
   1.0000000000000000                2           9
 (  0.0000000000000000     ,  0.0000000000000000     )
 (  0.0000000000000000     ,  0.0000000000000000     )
  -2.0943951023931953       -1.2091995761561449     
 ( 0.65551774480908154     ,  1.2335811384723962E-016)
 (-0.28342852349683151     ,-0.16633683666016733     )
 (-0.28342852349683145     , 0.16633683666016708     )
 ( 0.65864177552973580     ,  6.1679056923619811E-017)
  -2.0943951023931953        1.2091995761561449     
 ( 0.65788645830501780     , -6.1679056923619811E-017)
 (-0.28634495481362721     , 0.16625576067648914     )
 (-0.28634495481362704     ,-0.16625576067648898     )
 ( 0.65975068764743072     , -7.4014868308343765E-017)
   0.0000000000000000       -2.4183991523122899     
 ( 0.65670273242984190     ,  6.1679056923619811E-017)
 (  2.4852159467546103E-003,-0.33095470489165391     )
 (  2.4852159467546905E-003, 0.33095470489165346     )
 ( 0.65838520614613882     ,  8.6350679693067732E-017)
   0.0000000000000000        0.0000000000000000     
 (  1.5834482013593598     ,  3.2177318218447612E-016)
 ( -1.5396790259631508     , -2.8116203172352159E-016)
 ( -1.5396790259631505     , -2.8116203172352145E-016)
 (  1.5810439095617714     ,  2.7921415534219090E-016)
   0.0000000000000000        2.4183991523122899     
 ( 0.65670273242984201     , -8.6350679693067732E-017)
 (  2.4852159467547213E-003, 0.33095470489165379     )
 (  2.4852159467545921E-003,-0.33095470489165363     )
 ( 0.65838520614613882     , -2.0970879354030734E-016)
   2.0943951023931953       -1.2091995761561449     
 ( 0.65788645830501791     ,  3.7007434154171883E-017)
 (-0.28634495481362721     ,-0.16625576067648912     )
 (-0.28634495481362721     , 0.16625576067648890     )
 ( 0.65975068764743083     ,  2.4671622769447922E-017)
   2.0943951023931953        1.2091995761561449     
 ( 0.65551774480908165     , -2.4671622769447922E-017)
 (-0.28342852349683134     , 0.16633683666016721     )
 (-0.28342852349683167     ,-0.16633683666016727     )
 ( 0.65864177552973580     , -8.6350679693067732E-017)
   2.0943951023931953        3.6275987284684348     
 ( 0.62165153727378308     ,  3.3348662190104103E-016)
 (  1.7607899044750105E-003, -7.8362368042779050E-004)
 (  1.7607899044750723E-003,  7.8362368042680919E-004)
 ( 0.62145503791225665     ,  2.3429438689789305E-016)
   4.1887902047863905        0.0000000000000000     
 ( 0.62165153727378319     ,  7.6246038462833077E-017)
 (  1.7607899044747885E-003,  7.8362368042738523E-004)
 (  1.7607899044746527E-003, -7.8362368042763253E-004)
 ( 0.62145503791225665     , -2.2011830444708175E-017)
   1.0000000000000000                2           9
 (  0.0000000000000000     ,  0.0000000000000000     )
 (  0.0000000000000000     ,  0.0000000000000000     )
  -2.0943951023931953       -1.2091995761561449     
 ( 0.65895502567789099     , -3.7007434154171883E-017)
 (-0.28590916193473082     ,-0.16638074012803483     )
 (-0.28590916193473070     , 0.16638074012803483     )
 ( 0.65757257789489409     , -7.4014868308343765E-017)
  -2.0943951023931953        1.2091995761561449     
 ( 0.65956480503926962     , -1.4802973661668753E-016)
 (-0.28821614633769088     , 0.16617620883976922     )
 (-0.28821614633769088     ,-0.16617620883976891     )
 ( 0.66010728038470112     , -9.8686491077791687E-017)
   0.0000000000000000       -2.4183991523122899     
 ( 0.65883506240517364     , -1.2335811384723961E-017)
 (  5.7060161229016075E-004,-0.33090690546704882     )
 (  5.7060161229012378E-004, 0.33090690546704876     )
 ( 0.65768769712060715     ,  6.1679056923619811E-017)
   0.0000000000000000        0.0000000000000000     
 (  1.5919979118044552     , -3.1687472919003376E-016)
 ( -1.5472918309481865     ,  2.9808760662152929E-016)
 ( -1.5472918309481862     ,  2.9808760662152934E-016)
 (  1.5882374650192164     , -2.9734809995037467E-016)
   0.0000000000000000        2.4183991523122899     
 ( 0.65883506240517353     , -1.6036554800141150E-016)
 (  5.7060161229013613E-004, 0.33090690546704898     )
 (  5.7060161229013613E-004,-0.33090690546704848     )
 ( 0.65768769712060704     , -1.8503717077085943E-016)
   2.0943951023931953       -1.2091995761561449     
 ( 0.65956480503926951     , -1.2335811384723962E-016)
 (-0.28821614633769094     ,-0.16617620883976902     )
 (-0.28821614633769088     , 0.16617620883976919     )
 ( 0.66010728038470123     , -4.9343245538895844E-017)
   2.0943951023931953        1.2091995761561449     
 ( 0.65895502567789088     , -2.0970879354030734E-016)
 (-0.28590916193473070     , 0.16638074012803500     )
 (-0.28590916193473087     ,-0.16638074012803461     )
 ( 0.65757257789489409     , -1.8503717077085943E-016)
   2.0943951023931953        3.6275987284684348     
 ( 0.62200849570908701     ,  2.0404676425463262E-016)
 ( -5.3045615171033581E-004, -1.1810708446382146E-003)
 ( -5.3045615171036042E-004,  1.1810708446377211E-003)
 ( 0.62164044188666678     ,  2.0568080523179462E-016)
   4.1887902047863905        0.0000000000000000     
 ( 0.62200849570908712     , -6.5728549941846234E-017)
 ( -5.3045615171065652E-004,  1.1810708446382177E-003)
 ( -5.3045615171063180E-004, -1.1810708446380995E-003)
 ( 0.62164044188666689     , -1.0085431732659496E-016)
   1.0000000000000000                2           9
 (  0.0000000000000000     ,  0.0000000000000000     )
 (  0.0000000000000000     ,  0.0000000000000000     )
  -2.0943951023931953       -1.2091995761561449     
 ( 0.66132140142311202     ,  4.1941758708061468E-016)
 (-0.28864594891168327     ,-0.16534004216237952     )
 (-0.28864594891168349     , 0.16534004216237908     )
 ( 0.65993589635215522     ,  4.0708177569589072E-016)
  -2.0943951023931953        1.2091995761561449     
 ( 0.66009146744545211     ,  2.7138785046392718E-016)
 (-0.28228110723312461     , 0.16816281610396488     )
 (-0.28228110723312422     ,-0.16816281610396505     )
 ( 0.65866762789273436     ,  2.8372366184865109E-016)
   0.0000000000000000       -2.4183991523122899     
 ( 0.66294809198993532     ,  4.5642502123478653E-016)
 (  4.0480527801367693E-003,-0.33398021860185650     )
 (  4.0480527801365291E-003, 0.33398021860185612     )
 ( 0.66030975823030147     ,  4.3175339846533865E-016)
   0.0000000000000000        0.0000000000000000     
 (  1.6065990197901820     ,  5.6642478987241848E-016)
 ( -1.5572743546667338     , -5.2129176230654134E-016)
 ( -1.5572743546667336     , -5.2129176230654144E-016)
 (  1.5954608740175276     ,  5.1753250074851855E-016)
   0.0000000000000000        2.4183991523122899     
 ( 0.66294809198993532     ,  2.3438041630975528E-016)
 (  4.0480527801364857E-003, 0.33398021860185634     )
 (  4.0480527801368500E-003,-0.33398021860185617     )
 ( 0.66030975823030136     ,  2.0970879354030734E-016)
   2.0943951023931953       -1.2091995761561449     
 ( 0.66009146744545211     ,  3.4540271877227093E-016)
 (-0.28228110723312422     ,-0.16816281610396525     )
 (-0.28228110723312455     , 0.16816281610396475     )
 ( 0.65866762789273425     ,  3.8241015292644283E-016)
   2.0943951023931953        1.2091995761561449     
 ( 0.66132140142311202     ,  2.7138785046392718E-016)
 (-0.28864594891168349     , 0.16534004216237924     )
 (-0.28864594891168321     ,-0.16534004216237930     )
 ( 0.65993589635215510     ,  2.3438041630975528E-016)
   2.0943951023931953        3.6275987284684348     
 ( 0.62619101828605706     ,  5.8630556543967277E-016)
 (  1.2146094841395518E-003,  2.0574807542315054E-003)
 (  1.2146094841395518E-003, -2.0574807542321333E-003)
 ( 0.62457900903294383     ,  6.0479739941354479E-016)
   4.1887902047863905        0.0000000000000000     
 ( 0.62619101828605706     ,  3.1495520641742061E-016)
 (  1.2146094841392803E-003, -2.0574807542316411E-003)
 (  1.2146094841392558E-003,  2.0574807542316524E-003)
 ( 0.62457900903294394     ,  3.2199096833936507E-016)
   1.0000000000000000                2           9
 (  0.0000000000000000     ,  0.0000000000000000     )
 (  0.0000000000000000     ,  0.0000000000000000     )
  -2.0943951023931953       -1.2091995761561449     
 ( 0.66134099656157641     , -2.5905203907920321E-016)
 (-0.29331343226331963     ,-0.16388227790370113     )
 (-0.29331343226331957     , 0.16388227790370133     )
 ( 0.66341636048267416     , -3.5773853015699490E-016)
  -2.0943951023931953        1.2091995761561449     
 ( 0.66175333768451661     , -3.9474596431116675E-016)
 (-0.28709262150205211     , 0.16845849964170700     )
 (-0.28709262150205223     ,-0.16845849964170670     )
 ( 0.65996183335547065     , -3.7007434154171886E-016)
   0.0000000000000000       -2.4183991523122899     
 ( 0.66225390791470851     , -1.9737298215558337E-016)
 ( -4.0562838092598631E-003,-0.33008281149759378     )
 ( -4.0562838092595603E-003, 0.33008281149759355     )
 ( 0.65950586965854430     , -1.9737298215558337E-016)
   0.0000000000000000        0.0000000000000000     
 (  1.6057838356908098     , -8.1768328199193670E-016)
 ( -1.5593709298621887     ,  8.5980094164878074E-016)
 ( -1.5593709298621887     ,  8.5980094164878074E-016)
 (  1.6013897196747675     , -9.2329570346618404E-016)
   0.0000000000000000        2.4183991523122899     
 ( 0.66225390791470851     , -3.9474596431116675E-016)
 ( -4.0562838092595543E-003, 0.33008281149759366     )
 ( -4.0562838092598440E-003,-0.33008281149759344     )
 ( 0.65950586965854452     , -3.9474596431116675E-016)
   2.0943951023931953       -1.2091995761561449     
 ( 0.66175333768451672     , -3.2073109600282300E-016)
 (-0.28709262150205228     ,-0.16845849964170656     )
 (-0.28709262150205206     , 0.16845849964170695     )
 ( 0.65996183335547054     , -2.4671622769447924E-016)
   2.0943951023931953        1.2091995761561449     
 ( 0.66134099656157630     , -3.7007434154171886E-016)
 (-0.29331343226331957     , 0.16388227790370147     )
 (-0.29331343226331968     ,-0.16388227790370102     )
 ( 0.66341636048267416     , -4.8109664400423447E-016)
   2.0943951023931953        3.6275987284684348     
 ( 0.62581495194230252     ,  6.5100823033715124E-017)
 ( -2.1252857992455475E-003,  5.0527237295325562E-003)
 ( -2.1252857992456464E-003, -5.0527237295334019E-003)
 ( 0.62419957116013292     , -5.5757626845944898E-017)
   4.1887902047863905        0.0000000000000000     
 ( 0.62581495194230274     , -2.1833324305172559E-016)
 ( -2.1252857992459426E-003, -5.0527237295328086E-003)
 ( -2.1252857992458437E-003,  5.0527237295326490E-003)
 ( 0.62419957116013292     , -3.2634659027910598E-016)
   1.0000000000000000                2           9
 (  0.0000000000000000     ,  0.0000000000000000     )
 (  0.0000000000000000     ,  0.0000000000000000     )
  -2.0943951023931953       -1.2091995761561449     
 ( 0.66324949793755739     ,  1.3569392523196359E-016)
 (-0.28932781921463041     ,-0.16573825893640290     )
 (-0.28932781921463030     , 0.16573825893640257     )
 ( 0.66096563589700130     ,  7.4014868308343765E-017)
  -2.0943951023931953        1.2091995761561449     
 ( 0.66265673842652462     , -6.1679056923619811E-017)
 (-0.28936484314223693     , 0.16528056775621572     )
 (-0.28936484314223687     ,-0.16528056775621566     )
 ( 0.66149466507300403     , -3.7007434154171883E-017)
   0.0000000000000000       -2.4183991523122899     
 ( 0.66246403116475716     ,  2.4671622769447922E-017)
 ( -1.4902750986477667E-003,-0.33156787871528826     )
 ( -1.4902750986476988E-003, 0.33156787871528759     )
 ( 0.66123954057585332     ,  1.2335811384723961E-017)
   0.0000000000000000        0.0000000000000000     
 (  1.6067198838917867     , -3.5132012272690517E-016)
 ( -1.5612105221137311     ,  4.0432089931325237E-016)
 ( -1.5612105221137311     ,  4.0432089931325247E-016)
 (  1.6033128133743804     , -4.7950007463924453E-016)
   0.0000000000000000        2.4183991523122899     
 ( 0.66246403116475727     , -1.7270135938613546E-016)
 ( -1.4902750986476310E-003, 0.33156787871528803     )
 ( -1.4902750986478222E-003,-0.33156787871528792     )
 ( 0.66123954057585332     , -2.0970879354030734E-016)
   2.0943951023931953       -1.2091995761561449     
 ( 0.66265673842652451     ,  6.1679056923619811E-017)
 (-0.28936484314223698     ,-0.16528056775621588     )
 (-0.28936484314223682     , 0.16528056775621561     )
 ( 0.66149466507300381     ,  1.1102230246251565E-016)
   2.0943951023931953        1.2091995761561449     
 ( 0.66324949793755750     , -2.4671622769447922E-017)
 (-0.28932781921463041     , 0.16573825893640273     )
 (-0.28932781921463041     ,-0.16573825893640270     )
 ( 0.66096563589700119     , -7.4014868308343765E-017)
   2.0943951023931953        3.6275987284684348     
 ( 0.62805231267851291     ,  2.0890035426914242E-016)
 ( -3.2678706809244031E-004, -1.1825614709248973E-003)
 ( -3.2678706809252667E-004,  1.1825614709241737E-003)
 ( 0.62319564526883109     ,  2.8969088295606787E-016)
   4.1887902047863905        0.0000000000000000     
 ( 0.62805231267851291     , -7.4769448609876319E-017)
 ( -3.2678706809281040E-004,  1.1825614709246905E-003)
 ( -3.2678706809282271E-004, -1.1825614709248008E-003)
 ( 0.62319564526883131     ,  6.8549788891543566E-018)
   1.0000000000000000                2           9
 (  0.0000000000000000     ,  0.0000000000000000     )
 (  0.0000000000000000     ,  0.0000000000000000     )
  -2.0943951023931953       -1.2091995761561449     
 ( 0.65753097007205186     ,  2.4671622769447922E-017)
 (-0.28808044946880379     ,-0.16481338809632248     )
 (-0.28808044946880373     , 0.16481338809632248     )
 ( 0.65848432835186388     ,  1.2335811384723961E-017)
  -2.0943951023931953        1.2091995761561449     
 ( 0.65675182484569328     , -3.7007434154171883E-017)
 (-0.28288284343024850     , 0.16706456604259967     )
 (-0.28288284343024844     ,-0.16706456604259959     )
 ( 0.65660873303047163     , -1.1102230246251565E-016)
   0.0000000000000000       -2.4183991523122899     
 ( 0.65714628177863732     ,  1.2335811384723962E-016)
 (  3.6234006181580115E-003,-0.33139965546937239     )
 (  3.6234006181579560E-003, 0.33139965546937222     )
 ( 0.65663230037112419     ,  7.4014868308343765E-017)
   0.0000000000000000        0.0000000000000000     
 (  1.5755828546499451     , -1.1654423545697001E-016)
 ( -1.5335942266346065     ,  1.1110169695748935E-016)
 ( -1.5335942266346065     ,  1.1110169695748925E-016)
 (  1.5768324149582762     , -9.7600429020682861E-017)
   0.0000000000000000        2.4183991523122899     
 ( 0.65714628177863732     , -9.8686491077791687E-017)
 (  3.6234006181579620E-003, 0.33139965546937250     )
 (  3.6234006181579928E-003,-0.33139965546937211     )
 ( 0.65663230037112419     , -1.2335811384723962E-016)
   2.0943951023931953       -1.2091995761561449     
 ( 0.65675182484569328     ,  1.2335811384723961E-017)
 (-0.28288284343024844     ,-0.16706456604259984     )
 (-0.28288284343024850     , 0.16706456604259967     )
 ( 0.65660873303047151     ,  1.2335811384723961E-017)
   2.0943951023931953        1.2091995761561449     
 ( 0.65753097007205197     , -8.6350679693067732E-017)
 (-0.28808044946880379     , 0.16481338809632268     )
 (-0.28808044946880373     ,-0.16481338809632226     )
 ( 0.65848432835186377     , -1.3569392523196359E-016)
   2.0943951023931953        3.6275987284684348     
 ( 0.62078119370075047     ,  3.2304775437740642E-016)
 (  1.6477860308747995E-003,  1.8115840065981580E-003)
 (  1.6477860308747256E-003, -1.8115840065987573E-003)
 ( 0.62110885106778235     ,  2.8686357990298084E-016)
   4.1887902047863905        0.0000000000000000     
 ( 0.62078119370075036     ,  5.4549822799890275E-017)
 (  1.6477860308743925E-003, -1.8115840065981948E-003)
 (  1.6477860308745035E-003,  1.8115840065982295E-003)
 ( 0.62110885106778235     ,  1.8206902224230856E-017)
   1.0000000000000000                2           9
 (  0.0000000000000000     ,  0.0000000000000000     )
 (  0.0000000000000000     ,  0.0000000000000000     )
  -2.0943951023931953       -1.2091995761561449     
 ( 0.66079210603552019     ,  4.9343245538895844E-017)
 (-0.28655926556548184     ,-0.16677420533702389     )
 (-0.28655926556548195     , 0.16677420533702356     )
 ( 0.66061692659836391     ,  7.4014868308343765E-017)
  -2.0943951023931953        1.2091995761561449     
 ( 0.66258136518920197     ,  1.2335811384723961E-017)
 (-0.28711843993078634     , 0.16771632000491099     )
 (-0.28711843993078656     ,-0.16771632000491102     )
 ( 0.66062605378514183     , -4.9343245538895844E-017)
   0.0000000000000000       -2.4183991523122899     
 ( 0.66036320414819905     ,  8.6350679693067732E-017)
 (  1.8830999601217714E-003,-0.33392578331234413     )
 (  1.8830999601217591E-003, 0.33392578331234352     )
 ( 0.66250833922530572     ,  1.2335811384723962E-016)
   0.0000000000000000        0.0000000000000000     
 (  1.6175996426999322     ,  2.8566992747019040E-016)
 ( -1.5730193884406933     , -3.6327770898197823E-016)
 ( -1.5730193884406933     , -3.6327770898197833E-016)
 (  1.6154928770178072     ,  3.9528770802098443E-016)
   0.0000000000000000        2.4183991523122899     
 ( 0.66036320414819905     , -1.6036554800141150E-016)
 (  1.8830999601218085E-003, 0.33392578331234390     )
 (  1.8830999601217096E-003,-0.33392578331234390     )
 ( 0.66250833922530594     , -9.8686491077791687E-017)
   2.0943951023931953       -1.2091995761561449     
 ( 0.66258136518920219     ,  1.6036554800141150E-016)
 (-0.28711843993078651     ,-0.16771632000491130     )
 (-0.28711843993078645     , 0.16771632000491091     )
 ( 0.66062605378514183     , -4.9343245538895844E-017)
   2.0943951023931953        1.2091995761561449     
 ( 0.66079210603552030     , -9.8686491077791687E-017)
 (-0.28655926556548195     , 0.16677420533702370     )
 (-0.28655926556548189     ,-0.16677420533702372     )
 ( 0.66061692659836391     ,  0.0000000000000000     )
   2.0943951023931953        3.6275987284684348     
 ( 0.62528891201816483     ,  2.6375935102842370E-016)
 (  1.3614684477350541E-003, -1.3509965218700837E-003)
 (  1.3614684477349678E-003,  1.3509965218692496E-003)
 ( 0.62479285017401098     ,  3.3399536547507043E-016)
   4.1887902047863905        0.0000000000000000     
 ( 0.62528891201816506     ,  3.7756333765747642E-018)
 (  1.3614684477346842E-003,  1.3509965218697132E-003)
 (  1.3614684477346966E-003, -1.3509965218699059E-003)
 ( 0.62479285017401098     ,  7.4318911529682355E-017)
