   -1.000000      0.000000
  1    1        0.10843186        0.00057341       -0.00000000        0.00000000
  1    2       -0.10914600        0.00046559        0.00000000        0.00000000
  2    1       -0.10885915        0.00080366        0.00000000        0.00000000
  2    2        0.10837024        0.00018034       -0.00000000        0.00000000
   -0.500000      0.866025
  1    1        0.10848904        0.00046251       -0.00000000        0.00000000
  1    2       -0.30165603        0.00018607        0.00000000        0.00000000
  2    1       -0.10922260        0.00036393        0.00000000        0.00000000
  2    2        0.10867000        0.00061356       -0.00000000        0.00000000
    0.000000      1.732051
  1    1        0.09657435        0.00064279       -0.00000000        0.00000000
  1    2       -0.10908521        0.00002094        0.00000000        0.00000000
  2    1       -0.10882040        0.00006967       -0.00000000        0.00000000
  2    2        0.09615447        0.00016723       -0.00000000        0.00000000
   -0.500000     -0.866025
  1    1        0.10855818        0.00032220       -0.00000000        0.00000000
  1    2       -0.10908927        0.00070875        0.00000000        0.00000000
  2    1       -0.29998566        0.00052299        0.00000000        0.00000000
  2    2        0.10827067        0.00048875       -0.00000000        0.00000000
    0.000000      0.000000
  1    1        0.75731471        0.00282925       -0.00000000        0.00000000
  1    2       -0.30093445        0.00298211       -0.00000000        0.00000000
  2    1       -0.30093445        0.00298211       -0.00000000        0.00000000
  2    2        0.75632619        0.00147623       -0.00000000        0.00000000
    0.500000      0.866025
  1    1        0.10855818        0.00032220        0.00000000        0.00000000
  1    2       -0.29998566        0.00052299        0.00000000        0.00000000
  2    1       -0.10908927        0.00070875        0.00000000        0.00000000
  2    2        0.10827067        0.00048875        0.00000000        0.00000000
    0.500000     -0.866025
  1    1        0.10848904        0.00046251       -0.00000000        0.00000000
  1    2       -0.10922260        0.00036393       -0.00000000        0.00000000
  2    1       -0.30165603        0.00018607        0.00000000        0.00000000
  2    2        0.10867000        0.00061356       -0.00000000        0.00000000
    1.000000      0.000000
  1    1        0.10843186        0.00057341       -0.00000000        0.00000000
  1    2       -0.10885915        0.00080366        0.00000000        0.00000000
  2    1       -0.10914600        0.00046559        0.00000000        0.00000000
  2    2        0.10837024        0.00018034       -0.00000000        0.00000000
    1.500000      0.866025
  1    1        0.09657435        0.00064279       -0.00000000        0.00000000
  1    2       -0.10882040        0.00006967        0.00000000        0.00000000
  2    1       -0.10908521        0.00002094       -0.00000000        0.00000000
  2    2        0.09615447        0.00016723       -0.00000000        0.00000000
