   -2.094395     -1.209200
  1    1        0.66072839        0.00221587       -0.00000000        0.00000000
  1    2       -0.28932024        0.00282897       -0.16530203        0.00069546
  2    1       -0.28932024        0.00282897        0.16530203        0.00069546
  2    2        0.66087081        0.00186702       -0.00000000        0.00000000
   -2.094395      1.209200
  1    1        0.66093582        0.00179495       -0.00000000        0.00000000
  1    2       -0.28661469        0.00228260        0.16712999        0.00036834
  2    1       -0.28661469        0.00228260       -0.16712999        0.00036834
  2    2        0.65967282        0.00149260       -0.00000000        0.00000000
    0.000000     -2.418399
  1    1        0.66055686        0.00254857        0.00000000        0.00000000
  1    2       -0.00001001        0.00390785       -0.33174403        0.00129922
  2    1       -0.00001001        0.00390785        0.33174403        0.00129922
  2    2        0.65997151        0.00056737        0.00000000        0.00000000
    0.000000      0.000000
  1    1        1.60142155        0.00683108       -0.00000000        0.00000000
  1    2       -1.55679877        0.00493838        0.00000000        0.00000000
  2    1       -1.55679877        0.00493838        0.00000000        0.00000000
  2    2        1.59925696        0.00437602       -0.00000000        0.00000000
    0.000000      2.418399
  1    1        0.66055686        0.00254857       -0.00000000        0.00000000
  1    2       -0.00001001        0.00390785        0.33174403        0.00129922
  2    1       -0.00001001        0.00390785       -0.33174403        0.00129922
  2    2        0.65997151        0.00056737       -0.00000000        0.00000000
    2.094395     -1.209200
  1    1        0.66093582        0.00179495       -0.00000000        0.00000000
  1    2       -0.28661469        0.00228260       -0.16712999        0.00036834
  2    1       -0.28661469        0.00228260        0.16712999        0.00036834
  2    2        0.65967282        0.00149260       -0.00000000        0.00000000
    2.094395      1.209200
  1    1        0.66072839        0.00221587       -0.00000000        0.00000000
  1    2       -0.28932024        0.00282897        0.16530203        0.00069546
  2    1       -0.28932024        0.00282897       -0.16530203        0.00069546
  2    2        0.66087081        0.00186702       -0.00000000        0.00000000
    2.094395      3.627599
  1    1        0.62498434        0.00275671        0.00000000        0.00000000
  1    2        0.00013930        0.00193087        0.00108269        0.00120547
  2    1        0.00013930        0.00193087       -0.00108269        0.00120547
  2    2        0.62332423        0.00052804        0.00000000        0.00000000
    4.188790      0.000000
  1    1        0.62498434        0.00275671       -0.00000000        0.00000000
  1    2        0.00013930        0.00193087       -0.00108269        0.00120547
  2    1        0.00013930        0.00193087        0.00108269        0.00120547
  2    2        0.62332423        0.00052804       -0.00000000        0.00000000
