     0.0000000        0.39832720        0.00281701
     0.1000000        0.29851597        0.00665203
     0.2000000        0.22842604        0.00495738
     0.3000000        0.17639633        0.00243508
     0.4000000        0.13724283        0.00258278
     0.5000000        0.10929435        0.00411772
     0.6000000        0.08640252        0.00336480
     0.7000000        0.06841158        0.00148874
     0.8000000        0.05380864        0.00144091
     0.9000000        0.04232054        0.00107720
     1.0000000        0.03402337        0.00044654
     1.1000000        0.02720573        0.00037300
     1.2000000        0.02149730        0.00040665
     1.3000000        0.01714890        0.00038160
     1.4000000        0.01360963        0.00015271
     1.5000000        0.01141143        0.00014139
     1.6000000        0.01008611        0.00005844
     1.7000000        0.00855076        0.00028866
     1.8000000        0.00695190        0.00001200
     1.9000000        0.00583246        0.00043374
     2.0000000        0.00412805        0.00119446
     2.1000000        0.00276433        0.00131634
     2.2000000        0.00155460        0.00167900
     2.3000000        0.00107871        0.00161351
     2.4000000        0.00055016        0.00193782
     2.5000000        0.00030241        0.00253494
     2.6000000        0.00020998        0.00210288
     2.7000000       -0.00040973        0.00210006
     2.8000000        0.00020541        0.00131612
     2.9000000       -0.00019166        0.00111784
     3.0000000       -0.00008951        0.00072608
     3.1000000        0.00001883        0.00066785
     3.2000000        0.00030392        0.00086367
     3.3000000        0.00094232        0.00048573
     3.4000000        0.00140788        0.00062070
     3.5000000        0.00196299        0.00005620
     3.6000000        0.00180633        0.00005712
     3.7000000        0.00144348        0.00023758
     3.8000000        0.00116820        0.00054393
     3.9000000        0.00129284        0.00004782
     4.0000000        0.00082796        0.00005259
     4.1000000        0.00069632        0.00072927
     4.2000000        0.00043791        0.00119333
     4.3000000       -0.00045367        0.00056258
     4.4000000       -0.00062647        0.00022277
     4.5000000       -0.00132311        0.00090915
     4.6000000       -0.00120434        0.00042996
     4.7000000       -0.00045146        0.00065378
     4.8000000        0.00023651        0.00142257
     4.9000000        0.00092602        0.00195173
     5.0000000        0.00085350        0.00236911
     5.1000000        0.00166823        0.00246208
     5.2000000        0.00194351        0.00283495
     5.3000000        0.00185924        0.00409887
     5.4000000        0.00218551        0.00561237
     5.5000000        0.00236166        0.00562515
     5.6000000        0.00199086        0.00627969
     5.7000000        0.00142924        0.00581407
     5.8000000        0.00058049        0.00386267
     5.9000000        0.00010158        0.00154445
     6.0000000       -0.00041126        0.00011629
     6.1000000       -0.00036551        0.00117115
     6.2000000       -0.00063464        0.00228708
     6.3000000       -0.00041871        0.00256728
     6.4000000       -0.00085917        0.00195520
     6.5000000       -0.00098455        0.00153847
     6.6000000       -0.00179244        0.00085105
     6.7000000       -0.00256915        0.00104779
     6.8000000       -0.00322286        0.00140503
     6.9000000       -0.00363932        0.00216398
     7.0000000       -0.00359767        0.00169760
     7.1000000       -0.00349664        0.00051394
     7.2000000       -0.00341485        0.00078338
     7.3000000       -0.00274950        0.00109834
     7.4000000       -0.00178356        0.00140476
     7.5000000       -0.00078880        0.00217390
     7.6000000        0.00060222        0.00145838
     7.7000000        0.00126205        0.00126246
     7.8000000        0.00202559        0.00209100
     7.9000000        0.00309506        0.00261104
     8.0000000        0.00439033        0.00317111
     8.1000000        0.00582539        0.00216253
     8.2000000        0.00747548        0.00242134
     8.3000000        0.00928888        0.00328381
     8.4000000        0.01169206        0.00439508
     8.5000000        0.01371230        0.00570297
     8.6000000        0.01670855        0.00625820
     8.7000000        0.01921063        0.00641380
     8.8000000        0.02371677        0.00635503
     8.9000000        0.02955430        0.00623865
     9.0000000        0.03691574        0.00588432
     9.1000000        0.04564325        0.00455688
     9.2000000        0.05712396        0.00213764
     9.3000000        0.06998394        0.00134739
     9.4000000        0.08692813        0.00036872
     9.5000000        0.10814072        0.00170571
     9.6000000        0.13778054        0.00261547
     9.7000000        0.17707840        0.00263200
     9.8000000        0.22955236        0.00127815
     9.9000000        0.29969607        0.00093239
    10.0000000        0.39832720        0.00281701
