     0.0000000        1.53101726        0.05539675
     0.1000000        1.30197326        0.05248066
     0.2000000        1.12338814        0.04855873
     0.3000000        0.98107615        0.04614924
     0.4000000        0.86632200        0.04241734
     0.5000000        0.77015814        0.03674108
     0.6000000        0.68959596        0.03280797
     0.7000000        0.62447164        0.03182453
     0.8000000        0.57003226        0.03053751
     0.9000000        0.52457660        0.02994346
     1.0000000        0.48378914        0.02777333
     1.1000000        0.44971939        0.02769370
     1.2000000        0.41986630        0.02739188
     1.3000000        0.39330883        0.02352868
     1.4000000        0.37213239        0.02510306
     1.5000000        0.35412199        0.02868416
     1.6000000        0.33904429        0.03258322
     1.7000000        0.32298795        0.03159966
     1.8000000        0.30706877        0.02666505
     1.9000000        0.29120111        0.02262221
     2.0000000        0.27852202        0.01877621
     2.1000000        0.26783049        0.01752440
     2.2000000        0.25907700        0.01553396
     2.3000000        0.25087663        0.01342750
     2.4000000        0.24176823        0.01202073
     2.5000000        0.23612769        0.00992565
     2.6000000        0.23247121        0.00862279
     2.7000000        0.22906396        0.01069446
     2.8000000        0.22626720        0.01266767
     2.9000000        0.22344090        0.01411006
     3.0000000        0.22205742        0.01510862
     3.1000000        0.21761361        0.01877366
     3.2000000        0.21408516        0.02147280
     3.3000000        0.20912086        0.02237537
     3.4000000        0.20367494        0.01953858
     3.5000000        0.19943332        0.01840272
     3.6000000        0.19645371        0.01784047
     3.7000000        0.19619929        0.02173947
     3.8000000        0.19544884        0.02482347
     3.9000000        0.19477724        0.02720646
     4.0000000        0.19502526        0.02928344
     4.1000000        0.19685141        0.03173614
     4.2000000        0.19725410        0.03557800
     4.3000000        0.19762683        0.03773346
     4.4000000        0.19663475        0.03875532
     4.5000000        0.19412017        0.03583331
     4.6000000        0.19448077        0.03701693
     4.7000000        0.19247613        0.03516467
     4.8000000        0.19337060        0.03677344
     4.9000000        0.19618782        0.04183612
     5.0000000        0.19999697        0.04690774
     5.1000000        0.20248238        0.05142012
     5.2000000        0.20369626        0.05318865
     5.3000000        0.20586909        0.05438341
     5.4000000        0.20494682        0.05168183
     5.5000000        0.20310836        0.05036270
     5.6000000        0.20567032        0.05479434
     5.7000000        0.20599806        0.05539994
     5.8000000        0.20986884        0.05992545
     5.9000000        0.21007446        0.05873437
     6.0000000        0.20785551        0.05440111
     6.1000000        0.21018790        0.05579708
     6.2000000        0.21226318        0.05621756
     6.3000000        0.21627340        0.05975724
     6.4000000        0.21841785        0.05856311
     6.5000000        0.22109777        0.05615199
     6.6000000        0.22524116        0.05782984
     6.7000000        0.22941472        0.05836356
     6.8000000        0.22879986        0.05171396
     6.9000000        0.22859414        0.04551546
     7.0000000        0.23217978        0.04499949
     7.1000000        0.23819393        0.04773713
     7.2000000        0.24410040        0.04957365
     7.3000000        0.25181576        0.05408858
     7.4000000        0.26101579        0.05964201
     7.5000000        0.26650310        0.05866105
     7.6000000        0.27196219        0.05810452
     7.7000000        0.27801513        0.05738570
     7.8000000        0.28649882        0.06017504
     7.9000000        0.29054292        0.05377761
     8.0000000        0.29741208        0.04885584
     8.1000000        0.30650909        0.04534685
     8.2000000        0.31862938        0.04418279
     8.3000000        0.33293884        0.04376515
     8.4000000        0.34885755        0.04308198
     8.5000000        0.36764409        0.04598002
     8.6000000        0.38860204        0.04844232
     8.7000000        0.41148593        0.04764256
     8.8000000        0.43941207        0.04704322
     8.9000000        0.47216946        0.05011364
     9.0000000        0.50871323        0.05238011
     9.1000000        0.55538846        0.06269913
     9.2000000        0.61063811        0.07621860
     9.3000000        0.66422026        0.07377963
     9.4000000        0.72455519        0.06893377
     9.5000000        0.80032750        0.06839327
     9.6000000        0.89193621        0.07068029
     9.7000000        1.00753672        0.07334512
     9.8000000        1.14982064        0.07659123
     9.9000000        1.31450478        0.06324564
    10.0000000        1.53101726        0.05539675
