     0.0000000        0.42291255        0.00288811
     0.1000000        0.36294794        0.00268791
     0.2000000        0.31176162        0.00241626
     0.3000000        0.26873336        0.00210672
     0.4000000        0.23176485        0.00195792
     0.5000000        0.20063132        0.00171761
     0.6000000        0.17369107        0.00168331
     0.7000000        0.15077906        0.00176163
     0.8000000        0.13075470        0.00180066
     0.9000000        0.11381685        0.00183539
     1.0000000        0.09942379        0.00183461
     1.1000000        0.08705499        0.00188619
     1.2000000        0.07549436        0.00170206
     1.3000000        0.06527481        0.00160260
     1.4000000        0.05653724        0.00164773
     1.5000000        0.04919169        0.00173858
     1.6000000        0.04321612        0.00173678
     1.7000000        0.03772118        0.00172421
     1.8000000        0.03324809        0.00161611
     1.9000000        0.02944329        0.00149776
     2.0000000        0.02581389        0.00139701
     2.1000000        0.02306738        0.00143642
     2.2000000        0.02043727        0.00146371
     2.3000000        0.01792860        0.00140616
     2.4000000        0.01560491        0.00145154
     2.5000000        0.01330205        0.00155478
     2.6000000        0.01141351        0.00161697
     2.7000000        0.00976580        0.00179614
     2.8000000        0.00798053        0.00206298
     2.9000000        0.00665711        0.00206497
     3.0000000        0.00569436        0.00217984
     3.1000000        0.00501015        0.00218538
     3.2000000        0.00433296        0.00220753
     3.3000000        0.00404661        0.00212010
     3.4000000        0.00323275        0.00207899
     3.5000000        0.00298994        0.00174706
     3.6000000        0.00330149        0.00175841
     3.7000000        0.00360211        0.00166208
     3.8000000        0.00320525        0.00154338
     3.9000000        0.00252532        0.00136053
     4.0000000        0.00223263        0.00137202
     4.1000000        0.00244813        0.00150282
     4.2000000        0.00244918        0.00161938
     4.3000000        0.00260468        0.00186056
     4.4000000        0.00288040        0.00211405
     4.5000000        0.00390431        0.00232060
     4.6000000        0.00459966        0.00249413
     4.7000000        0.00533444        0.00260586
     4.8000000        0.00587759        0.00284970
     4.9000000        0.00612788        0.00299792
     5.0000000        0.00664744        0.00330029
     5.1000000        0.00687338        0.00380611
     5.2000000        0.00737233        0.00402990
     5.3000000        0.00714832        0.00377945
     5.4000000        0.00703585        0.00356783
     5.5000000        0.00660606        0.00332912
     5.6000000        0.00575587        0.00292142
     5.7000000        0.00516007        0.00271878
     5.8000000        0.00492276        0.00265507
     5.9000000        0.00477397        0.00262011
     6.0000000        0.00448039        0.00256373
     6.1000000        0.00444079        0.00271127
     6.2000000        0.00430864        0.00273671
     6.3000000        0.00412881        0.00273790
     6.4000000        0.00426695        0.00254529
     6.5000000        0.00455976        0.00235079
     6.6000000        0.00505929        0.00207633
     6.7000000        0.00584251        0.00195106
     6.8000000        0.00693023        0.00187388
     6.9000000        0.00810291        0.00179440
     7.0000000        0.00875681        0.00172961
     7.1000000        0.00939556        0.00164617
     7.2000000        0.01008125        0.00156950
     7.3000000        0.01130934        0.00165785
     7.4000000        0.01292139        0.00161604
     7.5000000        0.01465790        0.00171728
     7.6000000        0.01700083        0.00184297
     7.7000000        0.01918090        0.00191680
     7.8000000        0.02182275        0.00185203
     7.9000000        0.02443134        0.00179211
     8.0000000        0.02784495        0.00173976
     8.1000000        0.03204177        0.00167316
     8.2000000        0.03664897        0.00179807
     8.3000000        0.04141078        0.00186563
     8.4000000        0.04693618        0.00178232
     8.5000000        0.05309003        0.00165972
     8.6000000        0.06033847        0.00165353
     8.7000000        0.06844604        0.00165311
     8.8000000        0.07831075        0.00180900
     8.9000000        0.08965407        0.00201201
     9.0000000        0.10251576        0.00225813
     9.1000000        0.11777813        0.00254868
     9.2000000        0.13549210        0.00273047
     9.3000000        0.15548513        0.00271442
     9.4000000        0.17827223        0.00279148
     9.5000000        0.20420764        0.00261864
     9.6000000        0.23489306        0.00258707
     9.7000000        0.27066295        0.00261990
     9.8000000        0.31265710        0.00270815
     9.9000000        0.36292657        0.00280471
    10.0000000        0.42291255        0.00288811
