   -1.000000     -1.000000
  1    1       -0.00528444        0.00041889        0.00000000        0.00000000
   -1.000000      0.000000
  1    1       -0.05335669        0.00047173        0.00000000        0.00000000
   -1.000000      1.000000
  1    1       -0.00517122        0.00009483        0.00000000        0.00000000
   -1.000000      2.000000
  1    1       -0.00447240        0.00026369       -0.00000000        0.00000000
    0.000000     -1.000000
  1    1       -0.05280299        0.00005904       -0.00000000        0.00000000
    0.000000      0.000000
  1    1        0.26991824        0.00134407        0.00000000        0.00000000
    0.000000      1.000000
  1    1       -0.05280299        0.00005904       -0.00000000        0.00000000
    0.000000      2.000000
  1    1       -0.00565517        0.00025096        0.00000000        0.00000000
    1.000000     -1.000000
  1    1       -0.00517122        0.00009483        0.00000000        0.00000000
    1.000000      0.000000
  1    1       -0.05335669        0.00047173        0.00000000        0.00000000
    1.000000      1.000000
  1    1       -0.00528444        0.00041889        0.00000000        0.00000000
    1.000000      2.000000
  1    1       -0.00447240        0.00026369       -0.00000000        0.00000000
    2.000000     -1.000000
  1    1       -0.00528305        0.00096985        0.00000000        0.00000000
    2.000000      0.000000
  1    1       -0.00417612        0.00010297        0.00000000        0.00000000
    2.000000      1.000000
  1    1       -0.00528305        0.00096985        0.00000000        0.00000000
    2.000000      2.000000
  1    1       -0.00730834        0.00063467        0.00000000        0.00000000
