   -1.570796     -1.570796
  1    1        0.27266762        0.00118262        0.00000000        0.00000000
   -1.570796      0.000000
  1    1        0.18070765        0.00312110        0.00000000        0.00000000
   -1.570796      1.570796
  1    1        0.27221477        0.00247887        0.00000000        0.00000000
   -1.570796      3.141593
  1    1        0.37078741        0.00099444        0.00000000        0.00000000
    0.000000     -1.570796
  1    1        0.18093706        0.00006062        0.00000000        0.00000000
    0.000000      0.000000
  1    1        0.00003701        0.00013830        0.00000000        0.00000000
    0.000000      1.570796
  1    1        0.18093706        0.00006062       -0.00000000        0.00000000
    0.000000      3.141593
  1    1        0.27420384        0.00145008        0.00000000        0.00000000
    1.570796     -1.570796
  1    1        0.27221477        0.00247887        0.00000000        0.00000000
    1.570796      0.000000
  1    1        0.18070765        0.00312110       -0.00000000        0.00000000
    1.570796      1.570796
  1    1        0.27266762        0.00118262        0.00000000        0.00000000
    1.570796      3.141593
  1    1        0.37078741        0.00099444        0.00000000        0.00000000
    3.141593     -1.570796
  1    1        0.37647420        0.00077157       -0.00000000        0.00000000
    3.141593      0.000000
  1    1        0.27317603        0.00074851        0.00000000        0.00000000
    3.141593      1.570796
  1    1        0.37647420        0.00077157       -0.00000000        0.00000000
    3.141593      3.141593
  1    1        0.46369757        0.00644663        0.00000000        0.00000000
