   -1.000000     -1.000000
  1    1       -0.00000867        0.00018999        0.00010781        0.00085125
   -1.000000      0.000000
  1    1        0.32945425        0.00112920       -0.00011854        0.00141805
   -1.000000      1.000000
  1    1        0.00012137        0.00004329       -0.00029083        0.00034633
   -1.000000      2.000000
  1    1       -0.09362899        0.00033528       -0.00015045        0.00036234
    0.000000     -1.000000
  1    1        0.32782502        0.00052639        0.00052514        0.00007939
    0.000000      0.000000
  1    1        1.00000000        0.00000000        0.00008642        0.00030759
    0.000000      1.000000
  1    1        0.32782502        0.00052639       -0.00052514        0.00007939
    0.000000      2.000000
  1    1       -0.00000000        0.00000000        0.00012211        0.00090271
    1.000000     -1.000000
  1    1       -0.00012137        0.00004329       -0.00029083        0.00034633
    1.000000      0.000000
  1    1        0.32945425        0.00112920        0.00011854        0.00141805
    1.000000      1.000000
  1    1        0.00000867        0.00018999        0.00010781        0.00085125
    1.000000      2.000000
  1    1       -0.09362899        0.00033528        0.00015045        0.00036234
    2.000000     -1.000000
  1    1       -0.09501103        0.00068935       -0.00043359        0.00040810
    2.000000      0.000000
  1    1       -0.00000000        0.00000000        0.00039429        0.00133210
    2.000000      1.000000
  1    1       -0.09501103        0.00068935        0.00043359        0.00040810
    2.000000      2.000000
  1    1        0.00000000        0.00000000        0.00033975        0.00064347
