   -1.570796     -1.570796
  1    1        1.00198129        0.00290335       -0.00088752        0.00079071
   -1.570796      0.000000
  1    1        1.84513414        0.00178551       -0.00075092        0.00056007
   -1.570796      1.570796
  1    1        0.99814636        0.00421822        0.00070705        0.00558102
   -1.570796      3.141593
  1    1        0.15378991        0.00243736       -0.00030009        0.00037307
    0.000000     -1.570796
  1    1        1.84634957        0.00061287        0.00027893        0.00047187
    0.000000      0.000000
  1    1        1.93727851        0.00049747        0.00057656        0.00027392
    0.000000      1.570796
  1    1        1.84598337        0.00256283       -0.00024123        0.00105866
    0.000000      3.141593
  1    1        1.00602255        0.00536044        0.00130861        0.00229359
    1.570796     -1.570796
  1    1        1.00185364        0.00421822        0.00070705        0.00558102
    1.570796      0.000000
  1    1        1.84621009        0.00243736       -0.00030009        0.00037307
    1.570796      1.570796
  1    1        0.99801871        0.00290335       -0.00088752        0.00079071
    1.570796      3.141593
  1    1        0.15486586        0.00178551       -0.00075092        0.00056007
    3.141593     -1.570796
  1    1        0.15401663        0.00256283       -0.00024123        0.00105866
    3.141593      0.000000
  1    1        0.99397745        0.00536044        0.00130861        0.00229359
    3.141593      1.570796
  1    1        0.15365043        0.00061287        0.00027893        0.00047187
    3.141593      3.141593
  1    1        0.06272149        0.00049747        0.00057656        0.00027392
