   -1.000000     -1.000000
  1    1        0.12081916        0.00168179       -0.00000000        0.00000000
   -1.000000      0.000000
  1    1       -0.24755905        0.00152171       -0.00000000        0.00000000
   -1.000000      1.000000
  1    1        0.12082825        0.00163910       -0.00000000        0.00000000
   -1.000000      2.000000
  1    1       -0.14243997        0.00151485        0.00000000        0.00000000
    0.000000     -1.000000
  1    1       -0.24813070        0.00144275        0.00000000        0.00000000
    0.000000      0.000000
  1    1        0.73008183        0.00134414       -0.00000000        0.00000000
    0.000000      1.000000
  1    1       -0.24813070        0.00144275        0.00000000        0.00000000
    0.000000      2.000000
  1    1        0.12020727        0.00167088       -0.00000000        0.00000000
    1.000000     -1.000000
  1    1        0.12082825        0.00163910       -0.00000000        0.00000000
    1.000000      0.000000
  1    1       -0.24755905        0.00152171        0.00000000        0.00000000
    1.000000      1.000000
  1    1        0.12081916        0.00168179       -0.00000000        0.00000000
    1.000000      2.000000
  1    1       -0.14243997        0.00151485        0.00000000        0.00000000
    2.000000     -1.000000
  1    1       -0.14270645        0.00179806        0.00000000        0.00000000
    2.000000      0.000000
  1    1        0.11964504        0.00166646        0.00000000        0.00000000
    2.000000      1.000000
  1    1       -0.14270645        0.00179806        0.00000000        0.00000000
    2.000000      2.000000
  1    1        0.11746372        0.00107073       -0.00000000        0.00000000
