   -1.570796     -1.570796
  1    1        0.60771142        0.00100786       -0.00000000        0.00000000
   -1.570796      0.000000
  1    1        0.40233184        0.00098845       -0.00000000        0.00000000
   -1.570796      1.570796
  1    1        0.60767504        0.00083708       -0.00000000        0.00000000
   -1.570796      3.141593
  1    1        0.82402883        0.00043279       -0.00000000        0.00000000
    0.000000     -1.570796
  1    1        0.40181773        0.00025526       -0.00000000        0.00000000
    0.000000      0.000000
  1    1        0.00902032        0.00016076       -0.00000000        0.00000000
    0.000000      1.570796
  1    1        0.40181773        0.00025526       -0.00000000        0.00000000
    0.000000      3.141593
  1    1        0.60577930        0.00048108       -0.00000000        0.00000000
    1.570796     -1.570796
  1    1        0.60767504        0.00083708       -0.00000000        0.00000000
    1.570796      0.000000
  1    1        0.40233184        0.00098845        0.00000000        0.00000000
    1.570796      1.570796
  1    1        0.60771142        0.00100786       -0.00000000        0.00000000
    1.570796      3.141593
  1    1        0.82402883        0.00043279       -0.00000000        0.00000000
    3.141593     -1.570796
  1    1        0.82229402        0.00028271        0.00000000        0.00000000
    3.141593      0.000000
  1    1        0.60242676        0.00129807       -0.00000000        0.00000000
    3.141593      1.570796
  1    1        0.82229402        0.00028271        0.00000000        0.00000000
    3.141593      3.141593
  1    1        3.13236504        0.02494872       -0.00000000        0.00000000
