     0.0000000        0.58116688        0.01392836
     0.1000000        0.40155679        0.01221067
     0.2000000        0.29383619        0.01066553
     0.3000000        0.22432277        0.00723704
     0.4000000        0.17666764        0.00490817
     0.5000000        0.14366094        0.00639567
     0.6000000        0.11705565        0.00628959
     0.7000000        0.09589295        0.00701480
     0.8000000        0.07916391        0.00851506
     0.9000000        0.06720475        0.00606354
     1.0000000        0.05768951        0.00351970
     1.1000000        0.04867791        0.00203533
     1.2000000        0.03997336        0.00068587
     1.3000000        0.03103507        0.00303750
     1.4000000        0.02336472        0.00305562
     1.5000000        0.01929979        0.00184102
     1.6000000        0.01721541        0.00119586
     1.7000000        0.01545323        0.00108998
     1.8000000        0.01370650        0.00110977
     1.9000000        0.01293651        0.00299382
     2.0000000        0.01081253        0.00543546
     2.1000000        0.00925388        0.00529233
     2.2000000        0.00868500        0.00157072
     2.3000000        0.00838395        0.00122972
     2.4000000        0.00647694        0.00034215
     2.5000000        0.00579609        0.00027963
     2.6000000        0.00237752        0.00237906
     2.7000000        0.00005085        0.00410216
     2.8000000       -0.00111627        0.00513827
     2.9000000       -0.00179637        0.00574864
     3.0000000       -0.00073561        0.00268302
     3.1000000       -0.00017823        0.00140354
     3.2000000        0.00085362        0.00048569
     3.3000000        0.00275584        0.00173551
     3.4000000        0.00426489        0.00267877
     3.5000000        0.00367979        0.00096449
     3.6000000        0.00210313        0.00085585
     3.7000000        0.00104856        0.00031940
     3.8000000        0.00054023        0.00178826
     3.9000000        0.00045992        0.00157651
     4.0000000       -0.00029273        0.00136803
     4.1000000       -0.00112879        0.00181791
     4.2000000       -0.00087041        0.00179131
     4.3000000        0.00031269        0.00009692
     4.4000000        0.00076225        0.00181494
     4.5000000        0.00069385        0.00130470
     4.6000000        0.00093979        0.00192229
     4.7000000        0.00110917        0.00202812
     4.8000000        0.00203060        0.00259171
     4.9000000        0.00199008        0.00192927
     5.0000000        0.00199200        0.00242950
     5.1000000        0.00291247        0.00379094
     5.2000000        0.00418944        0.00642507
     5.3000000        0.00444973        0.00599808
     5.4000000        0.00464253        0.00445588
     5.5000000        0.00460840        0.00489836
     5.6000000        0.00466459        0.00433512
     5.7000000        0.00364111        0.00236584
     5.8000000        0.00443308        0.00188889
     5.9000000        0.00406301        0.00226191
     6.0000000        0.00333855        0.00329158
     6.1000000        0.00354156        0.00310069
     6.2000000        0.00286593        0.00376074
     6.3000000        0.00188270        0.00283837
     6.4000000        0.00287778        0.00246846
     6.5000000        0.00376369        0.00218320
     6.6000000        0.00474631        0.00261756
     6.7000000        0.00394033        0.00024500
     6.8000000        0.00297911        0.00012450
     6.9000000        0.00241925        0.00070328
     7.0000000        0.00059876        0.00115144
     7.1000000       -0.00054773        0.00104858
     7.2000000        0.00069386        0.00143140
     7.3000000        0.00406731        0.00184591
     7.4000000        0.00386641        0.00147059
     7.5000000        0.00365439        0.00005272
     7.6000000        0.00415783        0.00112171
     7.7000000        0.00473206        0.00122997
     7.8000000        0.00500983        0.00310683
     7.9000000        0.00613934        0.00335172
     8.0000000        0.00757621        0.00339892
     8.1000000        0.00824380        0.00569361
     8.2000000        0.00975368        0.00542408
     8.3000000        0.01197053        0.00585181
     8.4000000        0.01669797        0.00447993
     8.5000000        0.01884791        0.00587043
     8.6000000        0.02430402        0.00771194
     8.7000000        0.02826486        0.00902443
     8.8000000        0.03417873        0.00798354
     8.9000000        0.04349929        0.00434838
     9.0000000        0.05242030        0.00039928
     9.1000000        0.06446869        0.00554184
     9.2000000        0.07739496        0.00794017
     9.3000000        0.09627970        0.01137131
     9.4000000        0.11736487        0.01273394
     9.5000000        0.14581350        0.01376829
     9.6000000        0.18140084        0.01550056
     9.7000000        0.22932769        0.01574907
     9.8000000        0.29870821        0.01715877
     9.9000000        0.40383157        0.01546250
    10.0000000        0.58116688        0.01392836
