     0.0000000        1.93534269        0.00117962
     0.1000000        1.25881530        0.00167622
     0.2000000        0.82399290        0.00156607
     0.3000000        0.54096126        0.00172909
     0.4000000        0.35997637        0.00151941
     0.5000000        0.24243801        0.00198940
     0.6000000        0.16467802        0.00152685
     0.7000000        0.11150391        0.00146918
     0.8000000        0.07646724        0.00131660
     0.9000000        0.05151426        0.00135955
     1.0000000        0.03494755        0.00151860
     1.1000000        0.02368108        0.00134490
     1.2000000        0.01618802        0.00175841
     1.3000000        0.01272616        0.00179278
     1.4000000        0.00707515        0.00167824
     1.5000000        0.00429473        0.00127350
     1.6000000        0.00274178        0.00146250
     1.7000000        0.00164720        0.00141959
     1.8000000        0.00321344        0.00168316
     1.9000000        0.00159491        0.00180528
     2.0000000        0.00390331        0.00194059
     2.1000000       -0.00053675        0.00125942
     2.2000000       -0.00188886        0.00131611
     2.3000000       -0.00106302        0.00171448
     2.4000000        0.00051743        0.00193478
     2.5000000       -0.00017601        0.00132183
     2.6000000        0.00058258        0.00163368
     2.7000000        0.00074119        0.00161989
     2.8000000       -0.00051700        0.00141771
     2.9000000       -0.00145696        0.00141773
     3.0000000        0.00013604        0.00159582
     3.1000000       -0.00011381        0.00136129
     3.2000000       -0.00010051        0.00151408
     3.3000000        0.00058063        0.00138849
     3.4000000        0.00042744        0.00103881
     3.5000000        0.00031696        0.00121069
     3.6000000        0.00245811        0.00176025
     3.7000000        0.00273339        0.00157664
     3.8000000        0.00283482        0.00169672
     3.9000000        0.00155482        0.00144266
     4.0000000       -0.00025975        0.00165656
     4.1000000        0.00070777        0.00148680
     4.2000000       -0.00002057        0.00123296
     4.3000000        0.00064263        0.00127740
     4.4000000       -0.00116325        0.00125932
     4.5000000       -0.00000263        0.00148835
     4.6000000       -0.00077662        0.00181203
     4.7000000       -0.00003251        0.00192240
     4.8000000        0.00166297        0.00169269
     4.9000000        0.00323002        0.00172280
     5.0000000        0.00092073        0.00131011
     5.1000000       -0.00125421        0.00109513
     5.2000000       -0.00023958        0.00162023
     5.3000000        0.00247634        0.00135526
     5.4000000        0.00165451        0.00127870
     5.5000000        0.00315971        0.00131704
     5.6000000        0.00279793        0.00113901
     5.7000000        0.00203717        0.00117322
     5.8000000        0.00038024        0.00136846
     5.9000000        0.00004223        0.00119927
     6.0000000        0.00074399        0.00112406
     6.1000000       -0.00285318        0.00115721
     6.2000000       -0.00317976        0.00137814
     6.3000000       -0.00236044        0.00125273
     6.4000000       -0.00125499        0.00102650
     6.5000000        0.00048510        0.00143662
     6.6000000        0.00050790        0.00141851
     6.7000000        0.00185126        0.00113710
     6.8000000        0.00166893        0.00178072
     6.9000000        0.00050595        0.00099430
     7.0000000       -0.00125345        0.00130927
     7.1000000       -0.00045916        0.00155422
     7.2000000        0.00082758        0.00149670
     7.3000000       -0.00095947        0.00144380
     7.4000000        0.00004595        0.00131168
     7.5000000        0.00135164        0.00136540
     7.6000000        0.00118560        0.00139013
     7.7000000        0.00177335        0.00141587
     7.8000000        0.00222643        0.00130231
     7.9000000        0.00021555        0.00170906
     8.0000000        0.00050938        0.00140164
     8.1000000        0.00063674        0.00123116
     8.2000000       -0.00050108        0.00082599
     8.3000000        0.00026827        0.00078424
     8.4000000       -0.00047781        0.00085410
     8.5000000       -0.00021274        0.00159238
     8.6000000        0.00220028        0.00143789
     8.7000000       -0.00068424        0.00125099
     8.8000000       -0.00003786        0.00135482
     8.9000000       -0.00036333        0.00160329
     9.0000000       -0.00042288        0.00136706
     9.1000000        0.00112504        0.00170295
     9.2000000        0.00125419        0.00161843
     9.3000000        0.00140959        0.00176838
     9.4000000        0.00441173        0.00148730
     9.5000000        0.00443614        0.00156606
     9.6000000        0.00848025        0.00158034
     9.7000000        0.01403912        0.00137741
     9.8000000        0.02240736        0.00158959
     9.9000000        0.03860971        0.00157072
    10.0000000        0.06465731        0.00117962
