 
            1   0.8468440473474645        4.7115638430023634E-003
            2   0.7141530879211534        6.3426760340714551E-003
            3   0.6374773310712465        7.5112669852580990E-003
            4   0.5818687318467892        8.4379490413298286E-003
            5   0.5373902782636132        9.2419725199281832E-003
            6   0.4994462456590901        9.9269685181150105E-003
            7   0.4671491129854317        1.0544666416779860E-002
            8   0.4378995061661581        1.1090677088725968E-002
            9   0.4110711147043957        1.1601725739173356E-002
           10   0.3861004645630441        1.2056752238522631E-002
           11   0.3624946569853774        1.2475330316769843E-002
           12   0.3403266069107725        1.2874049093788890E-002
           13   0.3196615309714883        1.3246008908222334E-002
           14   0.3001961322860106        1.3586044870996863E-002
           15   0.2820362937007321        1.3903393482884996E-002
           16   0.2651674630535710        1.4205470764214131E-002
           17   0.2494587481052553        1.4499874145990946E-002
           18   0.2347388775332843        1.4771653764082357E-002
           19   0.2207706094587062        1.4999318522060084E-002
           20   0.2073063394601175        1.5244281263114466E-002
           21   0.1950599507430828        1.5493837966246413E-002
           22   0.1834906228707719        1.5696372809603357E-002
           23   0.1728246722614126        1.5890656553621849E-002
           24   0.1629200042847305        1.6087324153181985E-002
           25   0.1539972278505246        1.6288630552401928E-002
           26   0.1460983340645725        1.6469566030736956E-002
           27   0.1386434357155652        1.6626482639023454E-002
           28   0.1312975606281860        1.6788696005987518E-002
           29   0.1237531733634194        1.6965951286188979E-002
           30   0.1159981780154567        1.7083389351730833E-002
           31   0.1089703851852913        1.7257654664413809E-002
           32   0.1028109488376343        1.7387950360517834E-002
           33   9.7395868779538722E-002   1.7523060824007716E-002
           34   9.1935604824245898E-002   1.7658823175016356E-002
           35   8.6482306378122556E-002   1.7751239104261133E-002
           36   8.1347650812056763E-002   1.7895484841280545E-002
           37   7.6500249112257210E-002   1.7988918003210320E-002
           38   7.1922443371715383E-002   1.8099147533936596E-002
           39   6.7600907169128754E-002   1.8168028896169541E-002
           40   6.3438710411734558E-002   1.8334555255730644E-002
           41   5.9947355258708548E-002   1.8430119087529333E-002
           42   5.6412008111549658E-002   1.8530139854179176E-002
           43   5.3259766105669064E-002   1.8597331687127988E-002
           44   5.0111083553464081E-002   1.8663470069666788E-002
           45   4.7207382158805301E-002   1.8751849934665183E-002
           46   4.4391488551299756E-002   1.8829766564904375E-002
           47   4.2023478767954592E-002   1.8909038652808605E-002
           48   3.9742242406217515E-002   1.9033345439090490E-002
           49   3.7335206017149486E-002   1.9095976664653781E-002
           50   3.5202025183664450E-002   1.9104203933504958E-002
           51   3.2969658582452585E-002   1.9272630065784530E-002
           52   3.0917523207056742E-002   1.9331717980017208E-002
           53   2.9564216843566245E-002   1.9365891266896768E-002
           54   2.7849319261762418E-002   1.9409362187427601E-002
           55   2.6459963460041796E-002   1.9488455012163827E-002
           56   2.4973442603392147E-002   1.9581814195069529E-002
           57   2.3178253240304755E-002   1.9566924171690404E-002
           58   2.1205542530946281E-002   1.9713779300178681E-002
           59   1.9371193225667004E-002   1.9635587128221579E-002
           60   1.8007028266643448E-002   1.9760465563034995E-002
           61   1.6907191810043687E-002   1.9852770463003631E-002
           62   1.5938434138751584E-002   1.9901085509093464E-002
           63   1.4354415346220513E-002   1.9928381229414118E-002
           64   1.2859463810849682E-002   1.9934563422704235E-002
           65   1.1802277755364533E-002   2.0045782833975314E-002
           66   1.0785010807850064E-002   2.0055603186279296E-002
           67   9.7995833503897959E-003   2.0079568007876164E-002
           68   8.7943683406648664E-003   2.0129310357550931E-002
           69   8.2579445343985911E-003   2.0110032685645277E-002
           70   7.8437704307535074E-003   2.0205530621355064E-002
           71   6.9344056062586763E-003   2.0205698391199921E-002
           72   5.8771939096535011E-003   2.0274151032844804E-002
           73   5.1917479546058519E-003   2.0357094077759739E-002
           74   4.5009166217069062E-003   2.0387510293653169E-002
           75   3.6249019598436323E-003   2.0395475700154621E-002
           76   3.2520399499244646E-003   2.0415559859318717E-002
           77   3.0580759568910793E-003   2.0440968653557781E-002
           78   2.6416405951831400E-003   2.0510644847703267E-002
           79   2.1465418650511666E-003   2.0510072063439654E-002
           80   2.0669197445110300E-003   2.0616425223167117E-002
           81   1.7422036445053899E-003   2.0644645615224472E-002
           82   1.3111449809338320E-003   2.0464124667631551E-002
           83   8.6751856367191552E-004   2.0545979132613940E-002
           84   2.8904924961751767E-004   2.0690697161703697E-002
           85  -1.1127235919656645E-004   2.0685461095868544E-002
           86  -4.9515325679514073E-004   2.0759747603245633E-002
           87  -7.1907289271867618E-004   2.0818149157417976E-002
           88  -8.6545597730639900E-004   2.0780624158184591E-002
           89  -1.0621517115590442E-003   2.0770622050098112E-002
           90  -1.1610435246715194E-003   2.0699886999304289E-002
           91  -1.6320452747988529E-003   2.0772591357158580E-002
           92  -2.0168207670268707E-003   2.0847373105492079E-002
           93  -2.1545517509026363E-003   2.0925577538016073E-002
           94  -2.2298533623809733E-003   2.0943556211276474E-002
           95  -2.3180007245715470E-003   2.0850491116916281E-002
           96  -2.2211464650067157E-003   2.0931336155094741E-002
           97  -2.2710081454631057E-003   2.0927867018446678E-002
           98  -2.1006155295939201E-003   2.0948933598312659E-002
           99  -1.9860608217197344E-003   2.0971340891955306E-002
          100  -2.0717870594016653E-003   2.1121795387828560E-002
          101  -2.1478299133567084E-003   2.1027160050751680E-002
          102  -2.0242947248241268E-003   2.1076670528260094E-002
          103  -1.3388343073192305E-003   2.1050890476196054E-002
          104  -6.8872252365639137E-004   2.1108723320828165E-002
          105  -2.4292427468438984E-004   2.1166091991393667E-002
          106  -2.5053729765121721E-004   2.1189497087190236E-002
          107   1.5958721032860920E-004   2.1226236290360547E-002
          108   3.7874657576988583E-004   2.1096737552436871E-002
          109   5.7771246096579340E-004   2.1231370938180259E-002
          110   5.1219699407343037E-004   2.1171720423997127E-002
          111   2.1172604520051632E-004   2.1259280338413709E-002
          112   8.5715465127268688E-004   2.1251571272986644E-002
          113   1.6507701888677881E-003   2.1192748516400125E-002
          114   1.9176536026739106E-003   2.1395343762573762E-002
          115   2.3487642522158464E-003   2.1197874543340770E-002
          116   2.6245178588856426E-003   2.1255880541165614E-002
          117   2.9298669535858389E-003   2.1183315852231568E-002
          118   3.6274944925212909E-003   2.1263270605953542E-002
          119   4.0373260715105171E-003   2.1279414496910024E-002
          120   4.2174737293761092E-003   2.1283356283387844E-002
          121   4.2966086913895328E-003   2.1381494554105936E-002
          122   4.3855483878142386E-003   2.1408029120944572E-002
          123   4.5994231872149138E-003   2.1348047313331658E-002
          124   4.5684450423973452E-003   2.1437715500751561E-002
          125   4.6555296809765298E-003   2.1264231083927634E-002
          126   4.9359908285459839E-003   2.1330645990608330E-002
          127   5.1658650150826612E-003   2.1513081671076885E-002
          128   4.7554243772996796E-003   2.1520065233761359E-002
          129   3.8161197455101143E-003   2.1319413456399778E-002
          130   3.1722632977556871E-003   2.1470049103342999E-002
          131   2.9561337216141266E-003   2.1316560043339091E-002
          132   2.9773603569268792E-003   2.1429965860434507E-002
          133   3.2070347328820980E-003   2.1399550996494095E-002
          134   3.3792426516837015E-003   2.1515892904795175E-002
          135   3.7695665110791059E-003   2.1433993951601532E-002
          136   4.3800343590462490E-003   2.1416841701218204E-002
          137   5.0932897070931739E-003   2.1586742917702562E-002
          138   5.3032212753555338E-003   2.1448277712568738E-002
          139   5.2443287307324445E-003   2.1669771657340443E-002
          140   5.2503077834214320E-003   2.1588844370893215E-002
          141   4.7350608619545634E-003   2.1649080098025533E-002
          142   4.2626088018661136E-003   2.1565755710145601E-002
          143   4.2356884635979131E-003   2.1660979436440304E-002
          144   4.4881667219614551E-003   2.1565624001185429E-002
          145   4.7823257862720471E-003   2.1659311617680230E-002
          146   4.7897151290318893E-003   2.1647344929277598E-002
          147   4.5674829366282700E-003   2.1683142925944771E-002
          148   4.2907670373834080E-003   2.1483084144824818E-002
          149   4.0752655354623496E-003   2.1623162066569827E-002
          150   3.4687594101351607E-003   2.1553726030740589E-002
          151   2.4788214395929306E-003   2.1668892484846779E-002
          152   1.5228144793471778E-003   2.1620556862376007E-002
          153   1.1520734737394552E-003   2.1489408568026922E-002
          154   1.5626161628269494E-003   2.1664757145323069E-002
          155   1.7438300787863859E-003   2.1652944283210934E-002
          156   2.0570205023201040E-003   2.1598541995544011E-002
          157   2.4479428403866277E-003   2.1875730198163617E-002
          158   2.2405584704575880E-003   2.1645101912525763E-002
          159   2.3182189612279223E-003   2.1792798353397001E-002
          160   2.5925082409067892E-003   2.1578550104625640E-002
          161   2.7197164050792883E-003   2.1631235325442706E-002
          162   2.5881868603718052E-003   2.1922673073359086E-002
          163   2.7767240325930840E-003   2.1882303749029799E-002
          164   3.1301921738878325E-003   2.1715920165823712E-002
          165   3.0917797462240281E-003   2.1698970356066861E-002
          166   2.6719174969557702E-003   2.1567653773454692E-002
          167   2.4863160523517815E-003   2.1664203705432795E-002
          168   2.3786206549664180E-003   2.1896568901238655E-002
          169   2.1325004959496722E-003   2.1904277085932504E-002
          170   2.1063117819232757E-003   2.1857704433702749E-002
          171   1.9940586113673126E-003   2.1990030030935543E-002
          172   2.0888269821426227E-003   2.1831905655097569E-002
          173   2.4721378634199971E-003   2.1928107097334296E-002
          174   2.3226523534491616E-003   2.1886190603770637E-002
          175   2.2027806997381360E-003   2.1850931775092692E-002
          176   1.7546400445384049E-003   2.1871289640067133E-002
          177   1.3303001084402606E-003   2.1893728362619044E-002
          178   1.2978941467776388E-003   2.1842533264142740E-002
          179   1.3649461728850183E-003   2.1848530065542344E-002
          180   9.9562125029736804E-004   2.1852248437235513E-002
          181   9.8021778893725604E-004   2.1868666419485622E-002
          182   1.0994577059498906E-003   2.2083323258540104E-002
          183   1.2489051027235970E-003   2.2056907662532321E-002
          184   1.5985512912217266E-003   2.1935163243602562E-002
          185   2.1439284355665124E-003   2.1914797902203471E-002
          186   2.6652432692665577E-003   2.1911488881864515E-002
          187   2.6140458789267306E-003   2.1891488943364804E-002
          188   2.3605908069381305E-003   2.2014977844348416E-002
          189   2.0948923584640476E-003   2.1938911094220370E-002
          190   2.3936393217331626E-003   2.1882777724961919E-002
          191   3.1778870240863548E-003   2.2028693111821516E-002
          192   3.2492013264805697E-003   2.1998381960408906E-002
          193   3.3297590329912745E-003   2.1834980410580258E-002
          194   2.7913676998655617E-003   2.2083842047551698E-002
          195   2.6699511692594175E-003   2.1936372624685990E-002
          196   3.1453623862509631E-003   2.1740175881754586E-002
          197   3.3211491583617736E-003   2.2121139323634405E-002
          198   3.0186778814691871E-003   2.2017206756105197E-002
          199   3.4435125008606686E-003   2.1928201873096999E-002
          200   3.9046331708233505E-003   2.1973354579493978E-002
          201   4.6207131569865854E-003   2.2130477023178798E-002
          202   5.5567224878415493E-003   2.2074594130086125E-002
          203   5.7210985974295320E-003   2.1834613454717888E-002
          204   5.1009585948249732E-003   2.1964318488636256E-002
          205   4.9101028757758576E-003   2.1944341239521301E-002
          206   5.1987072509479485E-003   2.2094410700148972E-002
          207   5.1992524797935587E-003   2.1955216287844175E-002
          208   4.9019327485054246E-003   2.1943073663469700E-002
          209   4.9639554434556922E-003   2.1784696564494981E-002
          210   4.9445407806211527E-003   2.2208566899500053E-002
          211   4.4429733911378376E-003   2.2029977127664666E-002
          212   3.9515948895447496E-003   2.2271611888976299E-002
          213   3.5899192173145249E-003   2.1928341912162943E-002
          214   2.9401743157749876E-003   2.2073534296907872E-002
          215   2.4185667989880459E-003   2.1886033664430048E-002
          216   2.1779366170865157E-003   2.2009823853361397E-002
          217   2.0411971267907413E-003   2.1994589689485981E-002
          218   2.0214515922379757E-003   2.2122385862060053E-002
          219   1.6171259034929489E-003   2.2155732149398876E-002
          220   1.0983632404021569E-003   2.2108171538822191E-002
          221   9.3452675778116679E-004   2.2176204464611774E-002
          222   8.4826292023592220E-004   2.2260393105897239E-002
          223   5.6836630935411237E-004   2.2027149568903573E-002
          224  -4.3373139363849494E-005   2.2069810979722430E-002
          225  -7.0557091455447846E-004   2.2146199710910038E-002
          226  -1.2438145418101850E-003   2.2084962398908486E-002
          227  -1.2054632643032899E-003   2.2142287992737354E-002
          228  -1.6663478910047603E-003   2.2112034427226378E-002
          229  -1.4690291283279624E-003   2.2112187187846976E-002
          230  -8.5034449168384831E-004   2.2085185935433318E-002
          231  -8.6324082141400272E-004   2.2047711098086009E-002
          232  -1.3759244107086771E-003   2.2182225562651054E-002
          233  -1.8999265958031476E-003   2.2281591879432020E-002
          234  -1.8832427583514581E-003   2.2297623244626742E-002
          235  -1.3578056942523654E-003   2.2372593775208869E-002
          236  -1.3781401906704490E-003   2.2093080458556319E-002
          237  -1.2336100156464336E-003   2.2206778436305436E-002
          238  -1.2667049528707153E-003   2.2129418085874694E-002
          239  -8.1072155639577270E-004   2.2067933713281685E-002
          240  -1.5783965546856758E-004   2.2136045658826670E-002
          241   8.6378052221855754E-004   2.2053652246317505E-002
          242   1.5574986496937613E-003   2.2147471701246216E-002
          243   1.6231538270710453E-003   2.2151312306995182E-002
          244   2.1192969739383056E-003   2.2305651973469804E-002
          245   2.7128502674562318E-003   2.2169264180998099E-002
          246   2.9809399751075417E-003   2.2167248651504178E-002
          247   3.2168565562460945E-003   2.2286289547944073E-002
          248   3.4169157424890932E-003   2.2124582375298026E-002
          249   3.5422165745174492E-003   2.2067603694147099E-002
          250   3.7003527003768720E-003   2.2135940824450827E-002
          251   3.8913162215973166E-003   2.2151350349219757E-002
          252   3.9347846055823822E-003   2.2113003422003778E-002
          253   4.0435937360136778E-003   2.2152697915529564E-002
          254   4.2806027869912470E-003   2.2158637469217066E-002
          255   4.1973234245757307E-003   2.1961454801578816E-002
          256   4.0014591704508962E-003   2.2158534516837063E-002
          257   4.0747185931465698E-003   2.2258973323231360E-002
          258   4.2367452562487931E-003   2.2153775949249929E-002
          259   4.6159192516855348E-003   2.2242715300729615E-002
          260   4.9144720203239895E-003   2.2085344161846241E-002
          261   5.0857555254918800E-003   2.2352518041006183E-002
          262   5.3867370151425209E-003   2.2035332221535250E-002
          263   5.1864337210368715E-003   2.2339359638683533E-002
          264   5.0501555917756577E-003   2.2020275528852166E-002
          265   4.9145516140483639E-003   2.2293045578133063E-002
          266   4.4630381015227623E-003   2.1912821209136481E-002
          267   4.0909342771891146E-003   2.2211854223414380E-002
          268   4.4983948686835203E-003   2.2366756674638173E-002
          269   4.7210101503701845E-003   2.2368759688882349E-002
          270   4.2883076857633887E-003   2.2297670549380866E-002
          271   3.9571782609396453E-003   2.2352657717376122E-002
          272   3.7590547883088370E-003   2.2083090847235549E-002
          273   3.9697594225890746E-003   2.2046878029281555E-002
          274   4.1201347835296198E-003   2.2330956598599318E-002
          275   4.3292342084270711E-003   2.2393959051923297E-002
          276   4.5003406647783845E-003   2.2277092713593818E-002
          277   4.7634100804440230E-003   2.2391427593020943E-002
          278   4.8449438092344121E-003   2.2292354305855577E-002
          279   4.7778243332246059E-003   2.2338705790591419E-002
          280   4.4794764349501926E-003   2.2352395420848912E-002
          281   4.2313075443582166E-003   2.2283251621254056E-002
          282   4.3253343543681816E-003   2.2296766747533288E-002
          283   3.8831331128356562E-003   2.2520664039660764E-002
          284   3.0930511274706429E-003   2.2326231639078264E-002
          285   2.1954453945131616E-003   2.2129545014079686E-002
          286   9.9186026476119995E-004   2.2107746055249310E-002
          287  -8.3330287653615693E-005   2.2280126247331507E-002
          288  -8.0914375089573374E-004   2.2380951676816953E-002
          289  -1.3104990850425946E-003   2.2395523666219240E-002
          290  -1.5168623198547329E-003   2.2479427711803918E-002
          291  -1.8650643046979490E-003   2.2382254581946748E-002
          292  -2.2130275147278001E-003   2.2538044190571999E-002
          293  -2.4023669784186902E-003   2.2197089802914818E-002
          294  -3.1092128292266692E-003   2.2316529328047577E-002
          295  -3.6996867841597881E-003   2.2449441386695211E-002
          296  -4.0384246813033138E-003   2.2394566934734628E-002
          297  -4.0103440632139739E-003   2.2508872698816539E-002
          298  -3.7477138498602826E-003   2.2361392634214106E-002
          299  -3.7298652721490335E-003   2.2661860519715131E-002
          300  -3.4905110312938303E-003   2.2285243306479924E-002
          301  -3.2372418739205267E-003   2.2298905740490378E-002
          302  -2.8165349920237278E-003   2.2409097184524690E-002
          303  -2.6023986540388644E-003   2.2373908394886909E-002
          304  -2.3291935139011523E-003   2.2570226776445729E-002
          305  -1.8310284043588272E-003   2.2256384118232008E-002
          306  -1.6002364711429954E-003   2.2085606987504950E-002
          307  -1.9061640988704328E-003   2.2365479978960989E-002
          308  -2.3874092349168465E-003   2.2275563471822048E-002
          309  -2.2562915337354010E-003   2.2226547469034474E-002
          310  -1.9016933655537313E-003   2.2272411713557573E-002
          311  -1.9851916266394334E-003   2.2387491845154213E-002
          312  -1.9865265262293116E-003   2.2458834952267477E-002
          313  -2.5036085328127675E-003   2.2500566628293549E-002
          314  -3.0736519094724628E-003   2.2492150922492748E-002
          315  -2.9702983069769102E-003   2.2525528061093709E-002
          316  -2.9952657637937943E-003   2.2420376229264450E-002
          317  -3.4547358022230614E-003   2.2658849186024715E-002
          318  -4.2636772924977001E-003   2.2384005737636093E-002
          319  -4.5924884629897182E-003   2.2468721879671392E-002
          320  -4.8719929093556397E-003   2.2367961370391622E-002
          321  -5.0395750984075002E-003   2.2355125947825311E-002
          322  -5.2685274433575801E-003   2.2180201762725581E-002
          323  -5.3848382810375035E-003   2.2401806138290653E-002
          324  -5.8377411017310407E-003   2.2436725680518771E-002
          325  -6.2681994030278501E-003   2.2582034135919211E-002
          326  -6.1119289740862613E-003   2.2550777319031254E-002
          327  -5.9799616505801356E-003   2.2354237532835709E-002
          328  -5.6603805006094311E-003   2.2032019946067374E-002
          329  -5.0782873018471219E-003   2.2749789669803878E-002
          330  -4.5416543515630590E-003   2.2361619510386066E-002
          331  -4.7414300895199388E-003   2.2489403660355498E-002
          332  -4.7478660870076224E-003   2.2373312094043932E-002
          333  -4.5011575058438343E-003   2.2356381853405053E-002
          334  -3.6756227115849094E-003   2.2444854679831386E-002
          335  -2.9960938280685508E-003   2.2438053486219817E-002
          336  -2.7855220891901235E-003   2.2768643285369827E-002
          337  -2.6720692662917144E-003   2.2891907021221368E-002
          338  -2.3782203483968690E-003   2.2377998513919931E-002
          339  -2.3934161751789948E-003   2.2575792440877599E-002
          340  -1.9416653758458696E-003   2.2489589118058047E-002
          341  -1.1004749874400025E-003   2.2502364683721805E-002
          342  -6.5454768456779005E-004   2.2590650266145217E-002
          343  -8.2623414492753006E-004   2.2370729706188010E-002
          344  -7.6909140709277958E-004   2.2475239491236892E-002
          345  -6.8547198813813577E-004   2.2170490887967177E-002
          346  -8.9957438777217005E-004   2.2544344590956604E-002
          347  -1.1494794071972008E-003   2.2537115427411561E-002
          348  -1.1062740254933832E-003   2.2627376679383658E-002
          349  -1.2315903645051707E-003   2.2307252123195943E-002
          350  -1.2923107004446947E-003   2.2787003137265293E-002
          351  -1.3897570684235918E-003   2.2536808299862415E-002
          352  -1.7511358220907152E-003   2.2398741900672009E-002
          353  -2.1718810219687234E-003   2.2521215376047087E-002
          354  -2.2241892769073205E-003   2.2398796719835478E-002
          355  -1.9236949431089907E-003   2.2747048753531084E-002
          356  -1.7830197657990677E-003   2.2467093342182887E-002
          357  -2.1941861035147461E-003   2.2495649930093651E-002
          358  -2.1600479520752836E-003   2.2579968867178911E-002
          359  -2.3537778150903455E-003   2.2720863823401546E-002
          360  -2.2915723568610259E-003   2.2377094456656813E-002
          361  -2.3915511026014009E-003   2.2663436955224988E-002
          362  -2.4756735462920713E-003   2.2351390077525849E-002
          363  -2.4347031146274073E-003   2.2487933647607292E-002
          364  -2.5443483240490260E-003   2.2698981070881464E-002
          365  -2.7978307215360443E-003   2.2657014123437329E-002
          366  -3.2886832630579484E-003   2.2637288494377045E-002
          367  -3.9174160134527449E-003   2.2385969256448927E-002
          368  -4.4244958855331968E-003   2.2369492361711266E-002
          369  -5.0205286435377272E-003   2.2251867656978865E-002
          370  -4.8537108842604424E-003   2.2524453217524651E-002
          371  -4.5588444212691067E-003   2.2255055451237429E-002
          372  -4.3136938180153260E-003   2.2514634044564465E-002
          373  -4.2936406352106294E-003   2.2475249795417065E-002
          374  -4.2889810368895486E-003   2.2173838986050340E-002
          375  -4.2651663268593095E-003   2.2632295831615849E-002
          376  -4.1009263774631566E-003   2.2482514676592274E-002
          377  -4.1857420767761177E-003   2.2718444163990405E-002
          378  -4.1673411637014549E-003   2.2375982362731594E-002
          379  -4.7100910496207819E-003   2.2671399367011503E-002
          380  -5.0507559521122446E-003   2.2774988286752423E-002
          381  -5.2810058269365974E-003   2.2705030452875665E-002
          382  -5.3089217197101269E-003   2.2493722796981384E-002
          383  -5.2971407199830086E-003   2.2289659891508419E-002
          384  -4.9099561664696081E-003   2.2688969071817632E-002
          385  -4.3547525175463989E-003   2.2347429062101840E-002
          386  -4.9763939381628113E-003   2.2694906055505375E-002
          387  -5.6638913754704897E-003   2.2405664650781511E-002
          388  -5.8516923578296812E-003   2.2835399445138019E-002
          389  -5.4588667368021138E-003   2.2504237767376600E-002
          390  -5.2091301286997819E-003   2.2786391002968625E-002
          391  -5.1807537521681097E-003   2.2393632460417135E-002
          392  -5.3198762327545624E-003   2.2396025256033784E-002
          393  -4.7892004576589407E-003   2.2595319249291423E-002
          394  -4.2507714535589729E-003   2.2887042140530878E-002
          395  -4.4838563739965321E-003   2.2485054062301949E-002
          396  -5.1303945238557747E-003   2.2462423631135795E-002
          397  -5.7766578229388509E-003   2.2628303825660296E-002
          398  -5.5690357234989213E-003   2.2124776546398332E-002
          399  -5.5364848577613857E-003   2.2632177934307107E-002
          400  -5.7633785201864655E-003   2.2433663801010435E-002
          401  -5.7656327569560089E-003   2.2561874648112580E-002
          402  -5.4102928518397183E-003   2.2714688728125664E-002
          403  -4.8620337291044539E-003   2.2360940494987849E-002
          404  -4.7723115628669557E-003   2.2362578190650909E-002
          405  -4.9404185859133302E-003   2.2634893361776175E-002
          406  -5.6464955099296294E-003   2.2525266961355789E-002
          407  -6.5155875781651067E-003   2.2545318982073827E-002
          408  -7.0407952094712510E-003   2.2162147698245642E-002
          409  -6.9160570316511346E-003   2.2611707935613731E-002
          410  -6.8693825481701797E-003   2.2505256406875541E-002
          411  -6.6061356352965298E-003   2.2572452629112401E-002
          412  -6.3853485523784424E-003   2.2582912672664417E-002
          413  -6.1662159897048338E-003   2.2012001067084501E-002
          414  -6.1485400678908458E-003   2.2645595461326860E-002
          415  -6.0187557530513936E-003   2.2578856089437997E-002
          416  -6.0073212800635517E-003   2.2431674634878808E-002
          417  -5.8586114671567418E-003   2.2457684867225568E-002
          418  -5.5250951952333285E-003   2.2423313995344023E-002
          419  -5.6379288344363537E-003   2.2546356585049256E-002
          420  -5.9413808445267753E-003   2.2898943237002912E-002
          421  -6.2466590243808419E-003   2.2326181163592741E-002
          422  -6.3636221467653006E-003   2.2733135405482066E-002
          423  -6.5711796044439792E-003   2.2484440967797135E-002
          424  -6.6650735536031942E-003   2.2697326802955043E-002
          425  -6.8835095205123792E-003   2.2647757347434055E-002
          426  -7.0741809001333986E-003   2.2763620660294418E-002
          427  -7.4262051302874171E-003   2.2689171117397853E-002
          428  -7.0451960941578136E-003   2.2654298066551330E-002
          429  -7.1436213596143367E-003   2.2837406369049948E-002
          430  -7.6034907374136615E-003   2.2677315441728050E-002
          431  -7.6217280693176293E-003   2.2722619674449621E-002
          432  -7.7344919460593173E-003   2.2572767416346087E-002
          433  -7.8948262703265378E-003   2.2511271264120104E-002
          434  -7.7746687852011057E-003   2.2309031930640929E-002
          435  -7.6545410671711948E-003   2.2513913517656366E-002
          436  -7.3074779265954772E-003   2.2762907337724691E-002
          437  -6.7461553912141490E-003   2.3102419491346258E-002
          438  -6.0891714280829562E-003   2.2577947194762554E-002
          439  -5.6823623203102721E-003   2.2438730466246795E-002
          440  -5.5064364684650714E-003   2.2688350656588172E-002
          441  -5.4702242406971481E-003   2.2663787119682734E-002
          442  -5.5673461823998313E-003   2.2531350821418869E-002
          443  -5.4136134452131817E-003   2.2442824725244656E-002
          444  -5.0005165467592707E-003   2.2663166694396511E-002
          445  -4.6000709004937797E-003   2.2888571163384833E-002
          446  -3.7404057123115271E-003   2.2538460819374603E-002
          447  -3.3357563863338972E-003   2.2523960586342009E-002
          448  -2.6770854382537055E-003   2.2339111161431432E-002
          449  -1.6220802860449316E-003   2.2400655817987190E-002
          450  -1.3321986679501467E-003   2.2219100963827270E-002
          451  -1.9648608446680800E-003   2.2971308173808335E-002
          452  -2.6559875990375841E-003   2.2449258166124263E-002
          453  -2.9088850859444017E-003   2.2681034304173637E-002
          454  -2.6143774040545123E-003   2.2502440753882878E-002
          455  -2.5779168727795682E-003   2.2730481544138276E-002
          456  -2.9911911685250631E-003   2.2454822425257710E-002
          457  -3.0177715939278065E-003   2.2642297613571363E-002
          458  -2.6904784881455995E-003   2.2554158515291974E-002
          459  -2.8404071365190730E-003   2.2252437900330494E-002
          460  -2.6909018946926974E-003   2.2933787494281578E-002
          461  -2.4768019150623846E-003   2.2591708162975864E-002
          462  -2.8762360657900508E-003   2.2601220034204991E-002
          463  -2.8683878258322624E-003   2.2604884960909497E-002
          464  -2.6308462624045847E-003   2.2938514773873167E-002
          465  -2.5558617471199796E-003   2.2778389157441400E-002
          466  -2.2973282998747448E-003   2.2502046216051484E-002
          467  -1.2393628499880417E-003   2.2694990553693582E-002
          468  -3.9739451258566805E-004   2.2723070139510963E-002
          469  -2.4342131900832964E-004   2.2859122743448847E-002
          470  -5.3111835420083025E-004   2.2807292189387370E-002
          471  -9.7381862094173661E-004   2.2744957640001649E-002
          472  -1.5072366342781360E-003   2.2638878563285100E-002
          473  -1.6216279273037115E-003   2.2511784871396705E-002
          474  -1.3800279939653599E-003   2.2402544017690786E-002
          475  -1.5149539855850251E-003   2.2956179485343953E-002
          476  -1.6400729442646851E-003   2.2349068833505757E-002
          477  -1.9026807409677046E-003   2.2554430722315368E-002
          478  -2.2341709816932698E-003   2.2296357774390898E-002
          479  -2.0942194100791066E-003   2.2586828888718789E-002
          480  -2.3544563290342009E-003   2.2841082028780841E-002
          481  -2.6811010294828354E-003   2.2382474134236715E-002
          482  -2.9630352546876704E-003   2.2603596730148591E-002
          483  -2.5512267558515421E-003   2.2255060700156648E-002
          484  -2.2156429817161258E-003   2.2676555821149899E-002
          485  -2.1567908023826443E-003   2.2758423040645483E-002
          486  -2.1404026069349164E-003   2.2574154338143648E-002
          487  -2.0310005368829255E-003   2.2772889184860715E-002
          488  -1.7660604054673902E-003   2.2979755305747147E-002
          489  -1.4988348773710513E-003   2.2351625777420329E-002
          490  -1.0890105935833208E-003   2.2935936998725634E-002
          491  -7.2776397698581406E-004   2.2671428026941692E-002
          492  -4.9892595969630333E-004   2.2228897040784002E-002
          493  -4.8046976585481388E-005   2.2662009851772354E-002
          494  -2.0298019029761893E-004   2.2445957782291349E-002
          495  -8.5133069914172083E-004   2.2389265465725516E-002
          496  -1.0399998516646301E-003   2.2120225039443855E-002
          497  -1.1404110682050614E-003   2.2568430707262947E-002
          498  -1.0015691944116497E-003   2.2219851717727179E-002
          499  -1.0571249289917945E-003   2.2898253738277811E-002
          500  -9.1846281569331269E-004   2.2477987867323454E-002
