 
            1   4.9804081275372218E-002   1.6558209705254446E-002
            2   1.1151998046229707E-002   1.6953626419590147E-002
            3   9.6904299365209792E-003   1.7172754805875923E-002
            4   7.3240739780899462E-003   1.7325281746211046E-002
            5   7.6786271384872984E-003   1.7411214844450684E-002
            6   6.3534493462490699E-003   1.7505285676902557E-002
            7   5.2519172598186623E-003   1.7568330600021529E-002
            8   6.2602862916259451E-003   1.7626449522130591E-002
            9   4.6651931959573777E-003   1.7704386551659099E-002
           10   4.3860513765653364E-003   1.7745074007165157E-002
           11   4.8559373503491658E-003   1.7803238950191553E-002
           12   3.7622344580062663E-003   1.7883915988295664E-002
           13   4.4204213706304125E-003   1.7910587765110540E-002
           14   3.7129852785068758E-003   1.7963850377504285E-002
           15   2.7986017432117013E-003   1.8020855126027868E-002
           16   2.9006336059479265E-003   1.8055986795687422E-002
           17   2.2906679478360576E-003   1.8079395489174088E-002
           18   2.9669092801316937E-003   1.8123546409433120E-002
           19   2.4550179997208025E-003   1.8143267549485455E-002
           20   2.4476754893479301E-003   1.8165083602000427E-002
           21   2.7126924294234964E-003   1.8205162917950903E-002
           22   2.5418296787065174E-003   1.8238537240461414E-002
           23   1.1074909048724201E-002   1.8231088219389562E-002
           24   2.5975373415305200E-003   1.8292734268091929E-002
           25   3.0588791115403091E-003   1.8340085614146392E-002
           26   3.2463251777913979E-003   1.8362102835546609E-002
           27   1.3236833547531999E-003   1.8512474192319887E-002
           28   1.3715901451119541E-003   1.8415712278098233E-002
           29   1.5425182606805515E-003   1.8403973973870329E-002
           30   3.1460496037416714E-003   1.8598990997476000E-002
           31   1.8843199850551125E-003   1.8478274114584577E-002
           32   2.2229453823907059E-003   1.8641598665072444E-002
           33   2.0497454477118502E-003   1.8560325836740738E-002
           34   1.1812511403553657E-003   1.8522082934430611E-002
           35   1.1378991639984677E-003   1.8659204801510027E-002
           36   1.3892767028098041E-003   1.8588406952263849E-002
           37   5.1274656150173900E-004   1.8746764381585942E-002
           38   1.3398988659771962E-003   1.8590651465021219E-002
           39   5.2184549113348951E-004   1.8607602915640911E-002
           40   1.9191047499238553E-003   1.8615556116039652E-002
           41   3.1776704876312475E-003   1.8818082006494517E-002
           42   6.1176170422106455E-004   1.8811247328376159E-002
           43  -1.3473085001153604E-004   1.8708138881441093E-002
           44   5.9342068064665242E-004   1.8872507812864845E-002
           45   7.3331760192396167E-004   1.8911832576626854E-002
           46  -1.8390334911359751E-004   1.8678929082372370E-002
           47  -7.3815377108815187E-005   1.8931160937191556E-002
           48   2.5239088112941223E-004   1.8937642750875665E-002
           49  -2.9911386820528148E-004   1.8981447312112425E-002
           50   3.3624102708736526E-004   1.8961387698493603E-002
           51   9.3464942028283139E-004   1.8961190250273052E-002
           52   3.8577461567045540E-004   1.8768376217305677E-002
           53   2.0857771697646465E-004   1.8924879874750843E-002
           54  -2.9880800342784988E-005   1.8910973121713189E-002
           55   5.8531416617722748E-005   1.8994659787366371E-002
           56   2.5930328214395719E-004   1.9027379760342238E-002
           57   7.1059457202690988E-006   1.8848652381023755E-002
           58   9.3975840246878891E-005   1.8906813372351262E-002
           59  -8.2865038049245477E-005   1.8890082799570933E-002
           60  -3.9750946794250743E-004   1.9054347862778667E-002
           61  -3.1494267225138604E-004   1.8933946087863279E-002
           62  -7.5379535572982063E-004   1.9136286156790801E-002
           63   5.8772594403411801E-004   1.9016552156946233E-002
           64   6.9976913783345619E-003   1.9065727058932634E-002
           65  -3.2434594617864398E-004   1.8971498712283430E-002
           66   8.5821693920427866E-004   1.9004044256639069E-002
           67   5.1926781015975082E-004   1.9134670209476578E-002
           68  -5.8626546682164415E-004   1.8961507249331030E-002
           69  -4.9467124920625960E-004   1.9213062429114070E-002
           70  -8.0909345216989615E-006   1.9067414208020710E-002
           71  -5.9331892969205990E-004   1.9145204605096038E-002
           72  -1.2919164995703588E-004   1.9059839816920839E-002
           73  -5.3307969842656484E-004   1.9245902424310065E-002
           74  -2.5459762203634237E-004   1.9197376230989046E-002
           75  -3.6766965393597828E-004   1.9097093149187214E-002
           76  -7.7093252002259595E-004   1.9008987968348372E-002
           77  -1.7903529301572228E-004   1.9172065433506601E-002
           78   1.2746809723401981E-005   1.8999204043027192E-002
           79   5.2456918093317763E-004   1.9161749277627690E-002
           80  -1.6933069537470872E-004   1.9012649590665103E-002
           81  -4.5193887572069229E-004   1.9116402376720975E-002
           82  -2.8345624279392284E-004   1.9214687168018725E-002
           83  -6.8221022576414809E-004   1.9026452042562512E-002
           84  -7.1443881921526850E-004   1.9231004235661018E-002
           85  -4.4990804322103244E-004   1.9058552621555650E-002
           86   3.8666517761847978E-004   1.9106097034005946E-002
           87  -8.1727037769249817E-005   1.9242706459441962E-002
           88  -4.6849618096477217E-005   1.9303726113356512E-002
           89  -3.6461258310235644E-004   1.9365520373254449E-002
           90  -4.3961396933034201E-004   1.9225513543574817E-002
           91  -1.2273689949371417E-003   1.9345242831246695E-002
           92   3.3436719080325483E-004   1.9052953934483946E-002
           93  -6.4192237737203191E-004   1.9235084447997760E-002
           94  -1.0178245222774040E-004   1.9249886811008324E-002
           95   6.7245838499572195E-004   1.9245207305661646E-002
           96   6.9473901578624860E-004   1.9293174765493831E-002
           97   5.8371786486527584E-004   1.9274242254472284E-002
           98   6.5159045628560835E-006   1.9329564101059241E-002
           99   1.5805323316301574E-004   1.9309994329137704E-002
          100   8.1083356315670698E-004   1.9342586936694529E-002
          101  -8.1211326209676903E-004   1.9215944104404633E-002
          102  -1.6617386311758959E-004   1.9325177610110128E-002
          103  -7.8151495802743340E-004   1.9408091251149187E-002
          104  -3.4837787408079524E-004   1.9138628623419508E-002
          105   8.9563034627452784E-005   1.9127262244078482E-002
          106   3.3591390736102283E-003   1.9381246346942771E-002
          107   1.0658356825031665E-004   1.9249385380932994E-002
          108  -6.1457656526309786E-004   1.9277462885658202E-002
          109  -5.9478936801209524E-005   1.9184963693592860E-002
          110   4.4428155327155599E-004   1.9310395893035719E-002
          111  -2.2301793344754937E-004   1.9420139999214187E-002
          112  -1.7241304513369594E-004   1.9289025765922889E-002
          113   3.5569097261236790E-004   1.9253608108724583E-002
          114   1.5381543611406212E-004   1.9137428831504558E-002
          115  -4.5741520905782148E-004   1.9426889732276124E-002
          116   9.2481941504683285E-004   1.9219469687900517E-002
          117  -6.5189557281801177E-004   1.9040130791743000E-002
          118   9.5136426214066389E-004   1.9226156065014550E-002
          119  -2.6538975384422634E-004   1.9278754952850381E-002
          120   1.1237550643426045E-003   1.9274729696286061E-002
          121   1.4842695101606270E-004   1.9278737788331286E-002
          122   1.3053905186626120E-003   1.9367552176610420E-002
          123  -5.6740483266931529E-006   1.9358634721164579E-002
          124  -8.5878600339800651E-005   1.9449705807411340E-002
          125  -5.4828550693001589E-004   1.9370544775816571E-002
          126  -5.9387031576051109E-004   1.9267329177134189E-002
          127  -1.0355085079447153E-004   1.9394368794484106E-002
          128  -1.1975219993073491E-003   1.9400352556489503E-002
          129  -9.1435598546977734E-004   1.9316073280727167E-002
          130  -4.3661186964195442E-004   1.9285273424991922E-002
          131  -5.9718792099647082E-004   1.9282073098665711E-002
          132   1.9743418600383952E-003   1.9298529333395428E-002
          133  -1.0637269653698151E-004   1.9463289385655794E-002
          134  -7.4171860878304756E-004   1.9283567343842494E-002
          135  -9.9569042432552267E-004   1.9360707830675974E-002
          136  -6.5365484442815179E-004   1.9427190528750117E-002
          137  -9.1212773440189530E-004   1.9469531433673720E-002
          138  -8.1773790699168826E-004   1.9358438453030490E-002
          139  -4.7445531930376999E-004   1.9458346110417548E-002
          140   5.6271247868161465E-005   1.9310377198243123E-002
          141   1.5850444124151502E-004   1.9332529295400285E-002
          142   7.0719077182407206E-005   1.9312248743309203E-002
          143  -7.6600340828064239E-004   1.9286901473798045E-002
          144  -3.4660269750106125E-004   1.9419241628387585E-002
          145  -7.2924357475740397E-004   1.9287616216060764E-002
          146  -9.5849324656912074E-004   1.9432279814932389E-002
          147   6.1647851252993663E-003   1.9423314567238375E-002
          148   2.7499767471984209E-004   1.9297939842488322E-002
          149   8.8857537036210466E-004   1.9545422012097097E-002
          150  -1.5496689016868725E-004   1.9381262129007724E-002
          151   2.2371952219340244E-004   1.9398111516708956E-002
          152  -1.5067884945744664E-004   1.9408785874541170E-002
          153  -4.6871865083173580E-004   1.9228734803851639E-002
          154   1.5166279482727414E-003   1.9383394735732674E-002
          155   1.2731730501934716E-003   1.9510940928492853E-002
          156   1.7598622597313879E-004   1.9180005488136736E-002
          157  -4.8598331970727964E-005   1.9272192947730197E-002
          158  -4.5739921041133234E-004   1.9343843769689374E-002
          159  -2.5310091720049830E-004   1.9473395393970423E-002
          160   4.6759802476668388E-004   1.9259016326330623E-002
          161   1.3074064153647666E-003   1.9237436508283436E-002
          162   1.6246230093823390E-004   1.9353604781584165E-002
          163  -4.0601975809683133E-004   1.9550493172292249E-002
          164   6.7517310174625828E-004   1.9374793365435794E-002
          165  -3.4353119975262086E-004   1.9523729643512372E-002
          166   8.9524045811447989E-004   1.9176343283197610E-002
          167  -1.1058256320961556E-004   1.9384857759777795E-002
          168   1.0002500728411808E-003   1.9534500784219345E-002
          169   4.7149797173281832E-005   1.9363931437226874E-002
          170   1.4313520395381910E-003   1.9472985511187105E-002
          171   1.0648725734081496E-003   1.9548222166202982E-002
          172  -1.8399286513347360E-005   1.9312417327906218E-002
          173   3.9502677794239999E-004   1.9436371352106154E-002
          174   3.0946154467624733E-004   1.9368985640357807E-002
          175   1.6973651148310747E-004   1.9517689298921215E-002
          176  -2.4910951343392527E-004   1.9452578825540422E-002
          177   7.1457894389086955E-004   1.9300783407080052E-002
          178  -4.2050613592369224E-004   1.9541518939617909E-002
          179   5.7175774249486506E-004   1.9508937965309739E-002
          180  -2.2546917866007402E-004   1.9518650723163052E-002
          181  -7.3373983191677556E-004   1.9200377747390703E-002
          182  -2.7898475574867070E-004   1.9372760120061318E-002
          183  -1.4269535326707683E-004   1.9280976335265945E-002
          184   2.1424782096641734E-004   1.9417480321906395E-002
          185  -2.8776388578434026E-004   1.9411714349124108E-002
          186  -5.3724906515725324E-004   1.9709403613103929E-002
          187  -4.8844380136122529E-004   1.9397809190193516E-002
          188  -7.2954109026208047E-004   1.9447513195427542E-002
          189   6.3666245065705003E-005   1.9200106582075226E-002
          190   4.8528372812058713E-004   1.9482224235041881E-002
          191  -8.5953873937641770E-004   1.9486365080843681E-002
          192  -3.4563067245678495E-004   1.9358090565665658E-002
          193   1.4353076597561475E-003   1.9446550202961762E-002
          194  -4.7472739177219673E-005   1.9539411452583089E-002
          195  -6.2184557437565792E-004   1.9500680191405946E-002
          196  -1.7465014407488279E-004   1.9517323391647551E-002
          197   2.9757969622403801E-005   1.9445668488182175E-002
          198  -6.2080460030719683E-004   1.9535756986935500E-002
          199  -1.6993559187249792E-004   1.9457095890301847E-002
          200  -6.5372242978100075E-004   1.9406088267095108E-002
          201   2.7705290688319264E-004   1.9376635224722241E-002
          202  -1.0500406429393498E-004   1.9379773008783102E-002
          203  -1.0270912815409726E-003   1.9554774001676923E-002
          204  -7.3727605009409221E-004   1.9452579964175716E-002
          205   8.5746994496506889E-004   1.9531825854088372E-002
          206   2.9420654369355175E-004   1.9535987900011161E-002
          207  -7.2731335845146571E-004   1.9510411929102002E-002
          208   1.1488414900781968E-003   1.9509150562207752E-002
          209  -7.8532030204006738E-004   1.9470757001423453E-002
          210  -8.3920927858271359E-004   1.9476902593494983E-002
          211  -5.6188363088892357E-004   1.9278292233859944E-002
          212  -1.1350624641926050E-003   1.9573725264985620E-002
          213  -8.4137807715027016E-004   1.9402696874840041E-002
          214  -2.6482849077243115E-004   1.9380812306661357E-002
          215   3.0897912142044642E-003   1.9583408307554135E-002
          216   7.2824761772687346E-004   1.9422137773368108E-002
          217   2.4111382083047523E-004   1.9561094169460350E-002
          218   1.1761495427192487E-003   1.9519116997265662E-002
          219   6.6160300471790107E-004   1.9409609594271956E-002
          220   3.2139249132499505E-004   1.9417866739622917E-002
          221  -6.0224585454337048E-004   1.9331915337412561E-002
          222  -4.5277305390458171E-004   1.9675679718047987E-002
          223   1.7779406274737167E-005   1.9660562184840025E-002
          224   2.7428104043420457E-005   1.9511755087567664E-002
          225   1.9604064758548759E-003   1.9512385884241725E-002
          226  -6.4048608688112548E-005   1.9273933990137816E-002
          227  -5.6935088579821358E-005   1.9668248366374728E-002
          228  -3.1203400070754621E-004   1.9340779161376342E-002
          229  -3.8225503936391102E-004   1.9460206733198482E-002
          230   2.2476293605417879E-004   1.9543665264590008E-002
          231   3.2850906350685807E-005   1.9369662115603221E-002
          232  -4.6313258258323014E-005   1.9413319238762959E-002
          233   3.3034381778005578E-006   1.9279849163595653E-002
          234   6.2762937337179441E-004   1.9196724292154611E-002
          235  -5.7973499371623965E-004   1.9527600803548970E-002
          236   3.4654107641898319E-004   1.9391714114873001E-002
          237  -5.0783062023455298E-004   1.9420333937694600E-002
          238  -4.7436139776539535E-004   1.9460519905178254E-002
          239  -4.7705074734687169E-004   1.9527442020299820E-002
          240   4.3872818797433781E-005   1.9531183226967640E-002
          241  -2.2604131397930822E-004   1.9387484046308603E-002
          242  -4.1685631240589732E-005   1.9490649291557499E-002
          243  -6.5550527051858450E-005   1.9466544676699133E-002
          244  -3.3961228690910985E-004   1.9559617217724378E-002
          245   3.4598499948736524E-004   1.9469842172294548E-002
          246  -2.9518764009865586E-004   1.9439293499560105E-002
          247  -2.2720249027255017E-005   1.9789572013081229E-002
          248  -5.1342601664164237E-004   1.9544206524402991E-002
          249   2.6895182977716187E-003   1.9325852484917101E-002
          250  -1.8959343032316257E-004   1.9529243885081520E-002
          251  -6.2875163886321535E-004   1.9380546398846770E-002
          252  -1.2202036980684961E-004   1.9353867238537062E-002
          253   1.3668342220553382E-003   1.9629969114147466E-002
          254   6.2952586565381710E-004   1.9663254231595914E-002
          255  -7.3499112122554793E-005   1.9484763057197062E-002
          256   1.5435907020564213E-004   1.9670754602081619E-002
          257   6.7401375517391014E-005   1.9707423014150984E-002
          258   1.6342018417732594E-003   1.9593675314768477E-002
          259  -6.2235080946888724E-004   1.9569445851871418E-002
          260  -1.3646799311038431E-003   1.9313361018454579E-002
          261  -4.3505473100960212E-004   1.9451922922455508E-002
          262   6.1879288994403411E-004   1.9350742350212363E-002
          263   2.2969873894447499E-004   1.9445437864885347E-002
          264  -4.1986807283342679E-004   1.9615893720203368E-002
          265   4.0709616667036384E-004   1.9589229741135295E-002
          266   1.6369433518503260E-004   1.9255100126832073E-002
          267   6.5410235457681793E-004   1.9591573767926973E-002
          268   3.1846040050619929E-004   1.9580446600644931E-002
          269   4.6005069159795706E-005   1.9487286869235138E-002
          270  -1.4193011660103774E-004   1.9537235474845427E-002
          271  -2.6712242357091631E-004   1.9606540711290529E-002
          272   5.8374285675325465E-004   1.9675902315998358E-002
          273   5.0042348308231856E-004   1.9555719361138521E-002
          274   1.0194136299052029E-003   1.9601499775333892E-002
          275  -2.7361706178250319E-004   1.9682698174099740E-002
          276   1.0864873128247068E-003   1.9600436631880030E-002
          277   2.3408269312384216E-004   1.9543143913423839E-002
          278   3.7948612873902742E-004   1.9751716643307389E-002
          279   4.0361123623283731E-005   1.9405190508444935E-002
          280   2.8998500645054050E-004   1.9458918447358503E-002
          281   7.8989588941531525E-004   1.9507778375974560E-002
          282   4.8222187004448038E-004   1.9624548117115788E-002
          283  -3.9944271639495195E-004   1.9568528272773240E-002
          284  -5.1121697007087529E-004   1.9471024484440054E-002
          285   1.5896996148309170E-004   1.9293365919269750E-002
          286  -6.3428052541447341E-004   1.9272477413352623E-002
          287  -6.9967011066662029E-004   1.9570334782214521E-002
          288  -8.7162328268898396E-004   1.9635997232527985E-002
          289   9.3966833815557348E-004   1.9715377635634263E-002
          290   9.1313000569478815E-005   1.9534217972661812E-002
          291  -3.5850720583113950E-004   1.9693506262828731E-002
          292   4.4415678124988685E-004   1.9623216352386889E-002
          293  -7.7287113885373375E-005   1.9630401896099884E-002
          294  -1.0658753715828725E-004   1.9615154723707302E-002
          295  -5.0513059517854535E-004   1.9452263649660368E-002
          296  -4.2629850399898879E-004   1.9561126331227204E-002
          297  -3.1440244614736230E-004   1.9442487769598182E-002
          298   1.5278662462220975E-004   1.9655733346066240E-002
          299   2.9356443312387922E-004   1.9595624605917288E-002
          300   2.0050793361992042E-003   1.9483715909352085E-002
          301  -4.2145666775622337E-004   1.9545030369799706E-002
          302  -6.2774749927345928E-004   1.9579089328362137E-002
          303  -6.8765663830510921E-004   1.9323791164705964E-002
          304  -3.5466942587752715E-004   1.9620556705422960E-002
          305  -1.0730284642652367E-003   1.9409632554475531E-002
          306  -1.0203528522843748E-003   1.9516986094220597E-002
          307  -7.9565837681940205E-004   1.9557682221333240E-002
          308   4.3462278147713779E-004   1.9601689304349502E-002
          309   2.0309775395182979E-003   1.9498010499530316E-002
          310   1.3078767377668936E-004   1.9685654423502022E-002
          311  -6.4537732670267428E-004   1.9436560572894453E-002
          312  -1.8631130896819894E-004   1.9433892758611057E-002
          313   7.1472014285792445E-004   1.9535893558591616E-002
          314  -2.2627750600007343E-004   1.9311238667116860E-002
          315  -1.1680552441188167E-004   1.9533185753086751E-002
          316  -3.0360331050907120E-005   1.9588745044689208E-002
          317   3.8931358789639185E-004   1.9506253821775513E-002
          318   2.4300867985581833E-004   1.9649959428875496E-002
          319  -6.1004274846688112E-004   1.9744322833048368E-002
          320  -1.2931918501302576E-004   1.9488157290119011E-002
          321  -2.3902900337328270E-004   1.9542473494719926E-002
          322   1.9141841112937374E-003   1.9344148419356673E-002
          323   3.4332463164667409E-004   1.9560215373485693E-002
          324   5.5231875492872966E-004   1.9757683339312927E-002
          325  -6.1621270302261271E-005   1.9896576691702906E-002
          326   1.4471217336044397E-004   1.9507655524565567E-002
          327   8.9794347074846788E-004   1.9522267749777559E-002
          328   1.4458333275490013E-004   1.9119140063688152E-002
          329  -4.1645569987096813E-004   1.9551411497592815E-002
          330   2.1938585561074981E-004   1.9614727748640582E-002
          331   1.2738897076471269E-003   1.9768504519383188E-002
          332   1.3188745123632862E-003   1.9489617929076747E-002
          333  -1.0031754762392848E-003   1.9596795777164496E-002
          334  -7.3221182052762162E-004   1.9632250545577525E-002
          335  -1.3928381552874691E-004   1.9579202311491212E-002
          336  -4.6188261053302219E-004   1.9698542251084011E-002
          337  -8.6737872968442088E-004   1.9599979546222248E-002
          338  -1.3044591854797011E-004   1.9453601085273022E-002
          339  -5.7119991323853676E-004   1.9486106953960490E-002
          340  -3.6592043617435851E-004   1.9806951600072089E-002
          341   6.0841877964973150E-004   1.9528717558007620E-002
          342  -1.5080422214430408E-004   1.9699614010411159E-002
          343   5.1644855331525356E-005   1.9538243655253355E-002
          344   4.8966649875176790E-004   1.9407421952905190E-002
          345  -1.9965910021023690E-004   1.9585071117749594E-002
          346  -7.9044044185593975E-004   1.9610638559764741E-002
          347  -1.3106011159876437E-003   1.9547151263305109E-002
          348  -1.1578398890700592E-003   1.9507811337811553E-002
          349  -4.6135001337561953E-004   1.9381661860626603E-002
          350   1.4660763492410417E-004   1.9667174091036008E-002
          351  -9.1097334488846884E-004   1.9653360357974142E-002
          352  -1.1398466602415799E-003   1.9754657146759103E-002
          353   2.0332969080772124E-002   1.9798916779042022E-002
          354   5.4950237483971081E-004   1.9315139390734388E-002
          355  -1.4147744293817699E-003   1.9686471968404052E-002
          356  -1.2135585511570686E-003   1.9637084086292046E-002
          357  -5.6791404309392609E-004   1.9481319707235777E-002
          358   2.0715960943838523E-004   1.9818122284739476E-002
          359  -1.9613979540064800E-004   1.9660343636000777E-002
          360  -7.2862190076661802E-004   1.9768758940762111E-002
          361  -7.8734222468515645E-004   1.9434552700701879E-002
          362  -5.5361056049031167E-004   1.9440566394033826E-002
          363  -3.1762848954618097E-004   1.9580290196184482E-002
          364  -1.7378227227744062E-004   1.9510453350166355E-002
          365  -5.9853957491397031E-004   1.9699668575586419E-002
          366  -4.5859938167112826E-004   1.9678872527107101E-002
          367   7.8026721903736864E-005   1.9585338735238357E-002
          368   2.5791223566775501E-004   1.9717327829816212E-002
          369  -8.4123128542666461E-006   1.9551948192733700E-002
          370  -6.7317084342656617E-004   1.9474948364654621E-002
          371   1.1513495295246061E-003   1.9564472038926285E-002
          372  -2.3596467751082662E-004   1.9616681426018290E-002
          373   4.8951264408307734E-004   1.9735158943704253E-002
          374   4.1222432559117527E-004   1.9877381014499658E-002
          375  -4.8912826027696916E-004   1.9548894438454478E-002
          376  -2.9561433042833897E-004   2.0106647339002998E-002
          377   1.2079977762969663E-003   1.9485033066307882E-002
          378  -5.9100711974618828E-004   1.9591007974077451E-002
          379  -5.7545883546064960E-004   1.9728673422660718E-002
          380   6.6632066589124273E-004   1.9613375542443738E-002
          381  -6.3643586161987243E-004   1.9789386038973369E-002
          382  -5.7135711494792042E-004   1.9498233688195379E-002
          383  -9.9295004351271821E-004   1.9609768154030181E-002
          384  -5.6562583551957697E-004   1.9633036175353086E-002
          385   5.6091842198070446E-006   1.9541738974523548E-002
          386   1.8282011031427973E-004   1.9800262087188762E-002
          387  -5.7217642975017097E-004   1.9671850328028598E-002
          388  -8.7700736880934489E-004   1.9683852929854435E-002
          389   5.0196152662605124E-005   1.9472420979062384E-002
          390  -5.7557864235429864E-004   1.9523153992907240E-002
          391   8.0713726670312810E-004   1.9584844107289289E-002
          392   5.3132086718119930E-004   1.9721231859923104E-002
          393  -3.9123026828729863E-004   1.9794967296599141E-002
          394   3.9983297615030672E-004   1.9545558894565773E-002
          395   9.8381054575928900E-004   1.9391900312667246E-002
          396   6.1823702155948726E-004   1.9582052209918023E-002
          397   6.5206506617622483E-004   1.9674092116935087E-002
          398  -3.2504417023963546E-004   1.9998107789516370E-002
          399  -4.3679872986109681E-004   1.9642755565326527E-002
          400  -2.2397173985687580E-004   1.9645418391924203E-002
          401  -1.0252657001286153E-003   1.9558706490224377E-002
          402  -6.4027824882823914E-005   1.9514872286445769E-002
          403   1.3917219614601416E-004   1.9687795865780369E-002
          404  -7.0494686985982295E-005   1.9668914091881463E-002
          405  -6.2047688394292191E-004   1.9506351235761166E-002
          406  -5.0660621278723092E-004   1.9835532497058980E-002
          407  -3.8092636024687423E-004   1.9844921797629516E-002
          408  -6.3476910269486865E-004   1.9998024111819952E-002
          409  -4.7744821702481793E-004   2.0002660922837728E-002
          410   3.6894904539065730E-003   1.9700163108770530E-002
          411  -2.3177428435125225E-004   1.9732316556218144E-002
          412   3.3023535535189950E-004   2.0124301325029004E-002
          413   4.6510338634560169E-004   1.9454840793316396E-002
          414   8.4501749328634525E-005   1.9874424903841885E-002
          415   3.8062078355226769E-003   1.9495827524841060E-002
          416   9.5072526929340390E-004   1.9726652604043056E-002
          417   1.9832279181029146E-003   1.9649297572562553E-002
          418  -5.8009329321392217E-004   1.9283894607612356E-002
          419  -6.6903690339624856E-004   1.9584954572128589E-002
          420  -9.1459635399052694E-004   1.9507466953416833E-002
          421  -6.8036710127481891E-004   1.9583563999193535E-002
          422  -4.4500204818664478E-004   2.0042298923210064E-002
          423  -3.9428474834091653E-004   1.9539131926688449E-002
          424  -1.3792193550360651E-003   1.9713374595704700E-002
          425  -1.6189178786799015E-003   1.9659656720985706E-002
          426  -7.0846871281653536E-004   1.9802207244670165E-002
          427  -9.3134038967613241E-004   1.9959006150818817E-002
          428  -2.6102325206460480E-004   1.9874530413899083E-002
          429  -1.2185827033567701E-003   1.9753146055757217E-002
          430  -3.3602495270916675E-004   1.9665819532850848E-002
          431  -2.8669910646992441E-005   1.9441110377845305E-002
          432  -3.6605690369010371E-005   1.9398691356372452E-002
          433   1.5645969498676309E-004   1.9686659273291045E-002
          434  -1.2630413478163319E-004   1.9413806274458385E-002
          435  -2.3960573854103906E-004   1.9794872820147399E-002
          436   1.6790414734759319E-004   1.9649126519896573E-002
          437  -2.0635864097507146E-004   1.9886652466685806E-002
          438  -2.7630092391226727E-004   1.9538876217815509E-002
          439  -6.1445163319178732E-004   1.9672133241327227E-002
          440   1.1347174406136525E-003   1.9690659578546862E-002
          441   1.2188876223702621E-004   1.9808413663643696E-002
          442   1.7322312300041760E-004   1.9429104252632789E-002
          443  -6.8324892628108635E-004   1.9543593719971178E-002
          444  -6.8471151772118120E-004   1.9514795718943569E-002
          445  -3.9916883785200477E-004   1.9597977236651742E-002
          446  -1.8140844509395411E-004   1.9958169862243087E-002
          447   2.2994399468266141E-004   2.0005917614309865E-002
          448  -3.1451484373111861E-004   2.0172983647465170E-002
          449  -4.3876864262559176E-004   1.9629698806364632E-002
          450  -7.5912939016187871E-004   1.9520366214817897E-002
          451  -5.6024206246006009E-004   1.9713669132705940E-002
          452   1.9278834009424085E-004   1.9504236045812685E-002
          453  -3.1017210274551386E-004   1.9698637698232310E-002
          454  -5.5712816335041528E-004   1.9756059896404981E-002
          455   2.9826336484797475E-004   1.9332844539940400E-002
          456   7.4660521573994339E-004   1.9251565810896574E-002
          457   9.0596199153210753E-005   1.9863976117436181E-002
          458   5.8130499313602144E-005   1.9660931854144012E-002
          459   5.1639784631317385E-006   1.9463299289952614E-002
          460   5.1113542478631617E-004   1.9546999220940137E-002
          461   1.2804044249216837E-003   1.9751445192560058E-002
          462   1.5650282272529500E-003   1.9479788030837244E-002
          463  -6.6629167489410876E-004   1.9541149368174839E-002
          464  -4.2174334307042914E-004   1.9585462383471457E-002
          465   2.7427858809972198E-003   1.9673652730587417E-002
          466  -9.8973004465118821E-004   1.9524604085905974E-002
          467  -3.1633074871764390E-004   1.9595673177492525E-002
          468   3.4941120747348820E-004   1.9445905021467726E-002
          469   3.6757455311148453E-004   1.9359419176191515E-002
          470   2.5418417196717348E-004   2.0001747087504657E-002
          471   9.1158567824762757E-004   1.9813486531204877E-002
          472  -7.0367248362684909E-004   2.0028508920073650E-002
          473   3.8750157018723727E-004   1.9859525049074737E-002
          474  -2.7694868179372814E-004   1.9331422491575875E-002
          475  -6.9725957743851702E-004   1.9464464024388919E-002
          476  -7.3985480135338130E-004   1.9560174172588655E-002
          477  -4.4900119599134168E-004   1.9415537132032028E-002
          478   2.1837567107357652E-004   1.9726648883596022E-002
          479  -3.7997903615004451E-004   1.9595792747082268E-002
          480  -7.2541870496142401E-004   1.9514108978140373E-002
          481  -8.6476523822620990E-004   1.9681405454706587E-002
          482  -8.9135297068739091E-004   1.9468712512662772E-002
          483  -1.0304486377269108E-003   1.9692209216741394E-002
          484  -1.6195944784283710E-004   2.0147242365306579E-002
          485  -5.2967827699012518E-004   1.9825251026757265E-002
          486  -7.7833127366886399E-004   1.9400293114993368E-002
          487  -6.3562131578869950E-004   1.9717089876198093E-002
          488  -9.6679797206274370E-004   1.9647536267416964E-002
          489  -1.3128304415219228E-003   1.9636826767705673E-002
          490  -1.0917208218907111E-004   1.9687285165616006E-002
          491   2.9413369492102296E-003   1.9499836462508316E-002
          492  -6.0579330332117306E-004   1.9785483468653497E-002
          493  -6.0643213552764397E-004   1.9872200434513303E-002
          494  -2.9937653115466920E-004   1.9970765621389684E-002
          495  -9.1002823752293265E-004   1.9647152899861943E-002
          496  -5.6195891147875618E-004   1.9835245482469170E-002
          497  -9.3895633689327956E-004   1.9646664780921457E-002
          498   4.5310889024822618E-004   1.9241822166775467E-002
          499  -7.9543305403780072E-004   1.9917011877453230E-002
          500  -7.3580492221621036E-004   1.9926578468263730E-002
