     0.0000000        1.33517318        0.03415274
     0.1000000        1.10313167        0.02648275
     0.2000000        0.92313768        0.02117863
     0.3000000        0.77966145        0.01734007
     0.4000000        0.66534850        0.01472116
     0.5000000        0.56984204        0.01013649
     0.6000000        0.48909776        0.00922214
     0.7000000        0.42195275        0.00988793
     0.8000000        0.36610651        0.01194061
     0.9000000        0.32081480        0.01174670
     1.0000000        0.28089020        0.01126207
     1.1000000        0.24654343        0.01033635
     1.2000000        0.21601318        0.00917892
     1.3000000        0.18971305        0.00689854
     1.4000000        0.16774921        0.00883738
     1.5000000        0.14900584        0.01333703
     1.6000000        0.13385966        0.01631988
     1.7000000        0.11928856        0.01461956
     1.8000000        0.10629568        0.01271034
     1.9000000        0.09169226        0.01126882
     2.0000000        0.07956724        0.00862542
     2.1000000        0.06963224        0.00518471
     2.2000000        0.06290080        0.00235302
     2.3000000        0.05769480        0.00114644
     2.4000000        0.05084493        0.00375096
     2.5000000        0.04701056        0.00882692
     2.6000000        0.04383390        0.01253223
     2.7000000        0.03821642        0.01299835
     2.8000000        0.03502945        0.01471510
     2.9000000        0.03107847        0.01428875
     3.0000000        0.02976055        0.01675512
     3.1000000        0.02298469        0.01483639
     3.2000000        0.01753357        0.01707447
     3.3000000        0.01450266        0.01598537
     3.4000000        0.01434788        0.01551765
     3.5000000        0.01438928        0.01342539
     3.6000000        0.01384748        0.00984032
     3.7000000        0.01303758        0.00824153
     3.8000000        0.01096602        0.00880356
     3.9000000        0.00808064        0.01048556
     4.0000000        0.00610511        0.01175203
     4.1000000        0.00204898        0.01719774
     4.2000000       -0.00224404        0.01913866
     4.3000000       -0.00468364        0.02202155
     4.4000000       -0.00510714        0.02250600
     4.5000000        0.00169098        0.01454140
     4.6000000        0.00433685        0.01236680
     4.7000000        0.00495218        0.00941069
     4.8000000        0.00508165        0.00963450
     4.9000000        0.00493155        0.01152072
     5.0000000        0.00454401        0.01513428
     5.1000000        0.00196758        0.01648471
     5.2000000        0.00504115        0.00952881
     5.3000000        0.00321586        0.01106280
     5.4000000        0.00875935        0.00157819
     5.5000000        0.01507126        0.01131368
     5.6000000        0.02191998        0.02337808
     5.7000000        0.02147184        0.02467177
     5.8000000        0.01448891        0.01885683
     5.9000000        0.01242021        0.01802861
     6.0000000        0.01387610        0.01964740
     6.1000000        0.01919661        0.02851103
     6.2000000        0.02052421        0.03080629
     6.3000000        0.02519089        0.03810311
     6.4000000        0.02840960        0.04344941
     6.5000000        0.02789319        0.04350792
     6.6000000        0.02935570        0.04600906
     6.7000000        0.02593940        0.03761609
     6.8000000        0.02348554        0.03071568
     6.9000000        0.02658350        0.02949635
     7.0000000        0.02752685        0.02556345
     7.1000000        0.02976905        0.02182484
     7.2000000        0.02838498        0.01614061
     7.3000000        0.03120129        0.01346713
     7.4000000        0.03210846        0.00972954
     7.5000000        0.03518999        0.00715009
     7.6000000        0.04280022        0.00948008
     7.7000000        0.05108689        0.01687467
     7.8000000        0.05472601        0.01594767
     7.9000000        0.06824489        0.02554477
     8.0000000        0.07919538        0.02881500
     8.1000000        0.08848336        0.02941157
     8.2000000        0.10071206        0.03209346
     8.3000000        0.11248823        0.03322815
     8.4000000        0.12861417        0.03759004
     8.5000000        0.15076014        0.03911720
     8.6000000        0.17714820        0.04119868
     8.7000000        0.20349885        0.04002755
     8.8000000        0.23559540        0.04143297
     8.9000000        0.26881021        0.04555123
     9.0000000        0.31183634        0.05469950
     9.1000000        0.36833092        0.07427440
     9.2000000        0.43855089        0.10477751
     9.3000000        0.48832582        0.09105844
     9.4000000        0.54008276        0.07318579
     9.5000000        0.61622296        0.06733979
     9.6000000        0.70423005        0.06482240
     9.7000000        0.81812796        0.06623832
     9.8000000        0.95833350        0.06947004
     9.9000000        1.12064354        0.04891676
    10.0000000        1.33517318        0.03415274
