     0.0000000        0.15157658        0.00866240
     0.1000000        0.09932571        0.00431237
     0.2000000        0.06962586        0.01246482
     0.3000000        0.04612571        0.00917545
     0.4000000        0.03324873        0.00530400
     0.5000000        0.02480099        0.00466479
     0.6000000        0.01179354        0.00398498
     0.7000000        0.00553859        0.00761346
     0.8000000        0.00429949        0.00093747
     0.9000000        0.00473578        0.00019794
     1.0000000        0.00089163        0.00342481
     1.1000000       -0.00214911        0.00479631
     1.2000000        0.00209801        0.00514310
     1.3000000        0.00271750        0.00181664
     1.4000000       -0.00114053        0.00222818
     1.5000000        0.00162056        0.00298797
     1.6000000        0.00133462        0.00072383
     1.7000000        0.00082221        0.00645400
     1.8000000       -0.00402788        0.00287866
     1.9000000       -0.00381811        0.00546934
     2.0000000       -0.00275485        0.00565008
     2.1000000        0.00197554        0.00430301
     2.2000000       -0.00111917        0.00232093
     2.3000000       -0.00243639        0.00009984
     2.4000000       -0.00220345        0.00113483
     2.5000000       -0.00275819        0.00084001
     2.6000000       -0.00376538        0.00384311
     2.7000000       -0.00302182        0.00053242
     2.8000000       -0.00239318        0.00119393
     2.9000000       -0.00050774        0.00038245
     3.0000000       -0.00050914        0.00333171
     3.1000000        0.00125347        0.00343769
     3.2000000       -0.00449631        0.00253971
     3.3000000       -0.00645583        0.00015383
     3.4000000       -0.00177635        0.00705989
     3.5000000       -0.00298773        0.00412940
     3.6000000       -0.00516548        0.00460411
     3.7000000       -0.00308960        0.00765452
     3.8000000       -0.00056341        0.01000833
     3.9000000        0.00048685        0.00482697
     4.0000000        0.00195378        0.00701677
     4.1000000       -0.00069754        0.00634407
     4.2000000        0.00015888        0.00571464
     4.3000000        0.00070484        0.00765413
     4.4000000        0.00082604        0.00312392
     4.5000000        0.00027630        0.00584405
     4.6000000       -0.00188745        0.00048662
     4.7000000       -0.00061830        0.00723463
     4.8000000       -0.00000105        0.00633105
     4.9000000        0.00154488        0.00418060
     5.0000000        0.00176803        0.00264215
     5.1000000        0.00119283        0.00413501
     5.2000000        0.00115966        0.00258505
     5.3000000        0.00241821        0.00389515
     5.4000000        0.00551682        0.00487461
     5.5000000        0.00771077        0.00276489
     5.6000000        0.00546526        0.00324974
     5.7000000        0.00189999        0.00236848
     5.8000000       -0.00000677        0.00123591
     5.9000000       -0.00267625        0.00056200
     6.0000000       -0.00219462        0.00125109
     6.1000000       -0.00419149        0.00137766
     6.2000000       -0.00481845        0.00435439
     6.3000000       -0.00684599        0.00330156
     6.4000000       -0.00307331        0.00082962
     6.5000000       -0.00405569        0.00385289
     6.6000000       -0.00670244        0.00112408
     6.7000000       -0.00610538        0.00046917
     6.8000000       -0.00191376        0.00175526
     6.9000000        0.00318134        0.00312379
     7.0000000        0.00068566        0.00248305
     7.1000000        0.00074845        0.00027360
     7.2000000        0.00239146        0.00062943
     7.3000000        0.00081587        0.00014259
     7.4000000       -0.00280268        0.00060562
     7.5000000       -0.00462966        0.00540173
     7.6000000       -0.00372396        0.00186573
     7.7000000       -0.00136169        0.00094310
     7.8000000       -0.00262394        0.00038748
     7.9000000        0.00479519        0.00023255
     8.0000000        0.00519346        0.00043784
     8.1000000        0.00769983        0.00505873
     8.2000000        0.01465391        0.00560463
     8.3000000        0.01601417        0.00518816
     8.4000000        0.01791781        0.00084573
     8.5000000        0.02056874        0.00106668
     8.6000000        0.02620118        0.00202331
     8.7000000        0.04273907        0.00036925
     8.8000000        0.05904918        0.00923861
     8.9000000        0.07740415        0.00792046
     9.0000000        0.10423978        0.00408022
     9.1000000        0.12596147        0.00665449
     9.2000000        0.16742889        0.01315071
     9.3000000        0.21819286        0.01140566
     9.4000000        0.28775412        0.00946138
     9.5000000        0.38982771        0.01793753
     9.6000000        0.52012412        0.01338061
     9.7000000        0.70467127        0.00149561
     9.8000000        0.95793371        0.00348402
     9.9000000        1.31877740        0.00809827
    10.0000000        1.84842342        0.00866240
