     0.0000000        0.80682401        0.00409480
     0.1000000        0.53853111        0.00233636
     0.2000000        0.38084308        0.00169945
     0.3000000        0.27912174        0.00058149
     0.4000000        0.21074791        0.00033555
     0.5000000        0.16412066        0.00115272
     0.6000000        0.12865778        0.00118556
     0.7000000        0.10105662        0.00150145
     0.8000000        0.08133441        0.00241071
     0.9000000        0.06467430        0.00331616
     1.0000000        0.05160592        0.00424516
     1.1000000        0.04090637        0.00640054
     1.2000000        0.03227526        0.00693644
     1.3000000        0.02632648        0.00590393
     1.4000000        0.02016135        0.00323280
     1.5000000        0.01482579        0.00236127
     1.6000000        0.01163964        0.00375580
     1.7000000        0.00821147        0.00362606
     1.8000000        0.00598404        0.00437286
     1.9000000        0.00412982        0.00428096
     2.0000000        0.00316466        0.00265866
     2.1000000        0.00257102        0.00001167
     2.2000000        0.00252001        0.00141952
     2.3000000        0.00286867        0.00233023
     2.4000000        0.00215677        0.00256693
     2.5000000        0.00007730        0.00352018
     2.6000000       -0.00164445        0.00407359
     2.7000000       -0.00375144        0.00551184
     2.8000000       -0.00530764        0.00732130
     2.9000000       -0.00563123        0.00625670
     3.0000000       -0.00564139        0.00656492
     3.1000000       -0.00511753        0.00629263
     3.2000000       -0.00400811        0.00742447
     3.3000000       -0.00376495        0.00785522
     3.4000000       -0.00313431        0.00570932
     3.5000000       -0.00263129        0.00375114
     3.6000000       -0.00208317        0.00153984
     3.7000000       -0.00124055        0.00045827
     3.8000000       -0.00169529        0.00208811
     3.9000000       -0.00215080        0.00421425
     4.0000000       -0.00093414        0.00452505
     4.1000000        0.00035715        0.00407966
     4.2000000        0.00020626        0.00338236
     4.3000000       -0.00034784        0.00349275
     4.4000000       -0.00079889        0.00366267
     4.5000000       -0.00261016        0.00547903
     4.6000000       -0.00420958        0.00459549
     4.7000000       -0.00433353        0.00497607
     4.8000000       -0.00346986        0.00433798
     4.9000000       -0.00260013        0.00331063
     5.0000000       -0.00262897        0.00409384
     5.1000000       -0.00247109        0.00402373
     5.2000000       -0.00299861        0.00372549
     5.3000000       -0.00239747        0.00360117
     5.4000000       -0.00045384        0.00373651
     5.5000000        0.00009190        0.00360353
     5.6000000        0.00110196        0.00309101
     5.7000000        0.00146393        0.00427102
     5.8000000        0.00198840        0.00443678
     5.9000000        0.00162885        0.00402091
     6.0000000        0.00112960        0.00286846
     6.1000000        0.00065174        0.00171328
     6.2000000        0.00047662        0.00025264
     6.3000000        0.00022823        0.00042104
     6.4000000        0.00032355        0.00120759
     6.5000000        0.00060752        0.00095094
     6.6000000        0.00071487        0.00043339
     6.7000000        0.00153174        0.00062015
     6.8000000        0.00265464        0.00084064
     6.9000000        0.00469465        0.00018884
     7.0000000        0.00481465        0.00249720
     7.1000000        0.00565839        0.00445786
     7.2000000        0.00453950        0.00392817
     7.3000000        0.00353259        0.00305808
     7.4000000        0.00301349        0.00330547
     7.5000000        0.00236810        0.00200880
     7.6000000        0.00201840        0.00207322
     7.7000000        0.00129830        0.00058671
     7.8000000        0.00185274        0.00069751
     7.9000000        0.00291903        0.00082256
     8.0000000        0.00516465        0.00134391
     8.1000000        0.00827431        0.00213139
     8.2000000        0.01178239        0.00269927
     8.3000000        0.01453183        0.00139712
     8.4000000        0.01680995        0.00308673
     8.5000000        0.01916528        0.00247792
     8.6000000        0.02213636        0.00027648
     8.7000000        0.02667586        0.00206758
     8.8000000        0.03441997        0.00161265
     8.9000000        0.04334937        0.00073566
     9.0000000        0.05321118        0.00076896
     9.1000000        0.06624453        0.00146430
     9.2000000        0.08199993        0.00226935
     9.3000000        0.10122365        0.00501189
     9.4000000        0.12964269        0.00641008
     9.5000000        0.16804139        0.00629852
     9.6000000        0.21751560        0.00783535
     9.7000000        0.28471492        0.00592757
     9.8000000        0.38381457        0.00814588
     9.9000000        0.53812260        0.00743718
    10.0000000        0.80682401        0.00409480
