     0.0000000        0.35383365        0.17729727
     0.1000000        0.19161505        0.14938575
     0.2000000        0.10488626        0.13942384
     0.3000000        0.06186617        0.13955617
     0.4000000        0.03231835        0.12072222
     0.5000000        0.01235565        0.10893923
     0.6000000        0.00533460        0.09886292
     0.7000000       -0.00218163        0.10598616
     0.8000000       -0.00973667        0.11870223
     0.9000000       -0.02312585        0.12541997
     1.0000000       -0.02728997        0.12847857
     1.1000000       -0.03480642        0.12970360
     1.2000000       -0.04388348        0.14543663
     1.3000000       -0.04054659        0.12954574
     1.4000000       -0.04459648        0.14053955
     1.5000000       -0.05427239        0.15617828
     1.6000000       -0.06068861        0.18222787
     1.7000000       -0.05347394        0.18891139
     1.8000000       -0.05418159        0.18616546
     1.9000000       -0.05051536        0.16554280
     2.0000000       -0.05158080        0.13601571
     2.1000000       -0.04091260        0.13540393
     2.2000000       -0.04205306        0.12427041
     2.3000000       -0.04342662        0.10688240
     2.4000000       -0.04331803        0.10802531
     2.5000000       -0.05359746        0.10382532
     2.6000000       -0.06031591        0.09637677
     2.7000000       -0.06584406        0.10180413
     2.8000000       -0.06845393        0.11117290
     2.9000000       -0.07378639        0.10423986
     3.0000000       -0.09092830        0.11883215
     3.1000000       -0.09240653        0.15227314
     3.2000000       -0.09242176        0.17503571
     3.3000000       -0.08637165        0.19309271
     3.4000000       -0.06986707        0.16836233
     3.5000000       -0.06121940        0.15200264
     3.6000000       -0.05351931        0.14207170
     3.7000000       -0.06067413        0.14617085
     3.8000000       -0.06214907        0.14778882
     3.9000000       -0.06242177        0.15036099
     4.0000000       -0.06957185        0.14855809
     4.1000000       -0.08494669        0.13913794
     4.2000000       -0.09263081        0.16088179
     4.3000000       -0.10644873        0.17725207
     4.4000000       -0.11396913        0.18879388
     4.5000000       -0.09848272        0.17681836
     4.6000000       -0.10645306        0.19514325
     4.7000000       -0.10577333        0.19787461
     4.8000000       -0.11716600        0.21707287
     4.9000000       -0.14067265        0.24281215
     5.0000000       -0.17333610        0.27286080
     5.1000000       -0.20370327        0.31564688
     5.2000000       -0.21497904        0.32674413
     5.3000000       -0.23216559        0.35496391
     5.4000000       -0.23538257        0.34949714
     5.5000000       -0.22523080        0.35027357
     5.6000000       -0.23062632        0.37184868
     5.7000000       -0.23399754        0.37801959
     5.8000000       -0.24388915        0.39807411
     5.9000000       -0.23722658        0.40623262
     6.0000000       -0.22720515        0.39485155
     6.1000000       -0.22845710        0.38869649
     6.2000000       -0.22557897        0.36320020
     6.3000000       -0.22437169        0.35807856
     6.4000000       -0.21365513        0.33831655
     6.5000000       -0.21855818        0.30519176
     6.6000000       -0.22512628        0.30210776
     6.7000000       -0.22420641        0.29656374
     6.8000000       -0.20581857        0.27947792
     6.9000000       -0.19734407        0.27877638
     7.0000000       -0.19331305        0.28749702
     7.1000000       -0.19646966        0.31344446
     7.2000000       -0.18919384        0.30930790
     7.3000000       -0.20451087        0.33497468
     7.4000000       -0.21622557        0.35272970
     7.5000000       -0.22382252        0.36855586
     7.6000000       -0.21160425        0.35514683
     7.7000000       -0.19733390        0.32930958
     7.8000000       -0.21114703        0.35635651
     7.9000000       -0.17857098        0.33447398
     8.0000000       -0.17317666        0.32924361
     8.1000000       -0.16286548        0.31740857
     8.2000000       -0.15020554        0.30142183
     8.3000000       -0.13970341        0.27347216
     8.4000000       -0.12562963        0.24460931
     8.5000000       -0.11338825        0.24555197
     8.6000000       -0.11275746        0.25624948
     8.7000000       -0.10581771        0.24972380
     8.8000000       -0.10410606        0.24719112
     8.9000000       -0.12014422        0.24651998
     9.0000000       -0.13458195        0.24359718
     9.1000000       -0.16697977        0.29309480
     9.2000000       -0.21380522        0.36148631
     9.3000000       -0.20027100        0.33972539
     9.4000000       -0.16351799        0.29884943
     9.5000000       -0.14509129        0.28725436
     9.6000000       -0.11005971        0.27844454
     9.7000000       -0.07407552        0.26591458
     9.8000000       -0.00841424        0.24753588
     9.9000000        0.13434805        0.19597455
    10.0000000        0.35383365        0.17729727
