     0.0000000        1.85303853        0.00313280
     0.1000000        1.45272962        0.00397044
     0.2000000        1.14841156        0.00375213
     0.3000000        0.91333377        0.00278722
     0.4000000        0.73076762        0.00307303
     0.5000000        0.58784284        0.00305655
     0.6000000        0.47371209        0.00241645
     0.7000000        0.38013459        0.00238281
     0.8000000        0.30829276        0.00192000
     0.9000000        0.24841953        0.00247865
     1.0000000        0.20289321        0.00257808
     1.1000000        0.16376539        0.00220152
     1.2000000        0.13150293        0.00250329
     1.3000000        0.10522034        0.00219723
     1.4000000        0.08334796        0.00254220
     1.5000000        0.07073496        0.00277052
     1.6000000        0.05956279        0.00259779
     1.7000000        0.04764520        0.00316435
     1.8000000        0.03797922        0.00240062
     1.9000000        0.03392873        0.00305181
     2.0000000        0.03030341        0.00308004
     2.1000000        0.02484099        0.00322186
     2.2000000        0.01809974        0.00260418
     2.3000000        0.01357173        0.00231915
     2.4000000        0.00928048        0.00255521
     2.5000000        0.00738942        0.00281369
     2.6000000        0.00857056        0.00244129
     2.7000000        0.00740042        0.00249521
     2.8000000        0.00507000        0.00265955
     2.9000000        0.00457676        0.00283140
     3.0000000        0.00470615        0.00294646
     3.1000000        0.00285559        0.00226759
     3.2000000        0.00297110        0.00211317
     3.3000000        0.00523515        0.00244777
     3.4000000        0.00308755        0.00288217
     3.5000000        0.00073873        0.00303982
     3.6000000        0.00087510        0.00299247
     3.7000000        0.00196861        0.00292389
     3.8000000        0.00060983        0.00233078
     3.9000000        0.00331987        0.00268633
     4.0000000        0.00451200        0.00207338
     4.1000000        0.00257933        0.00187011
     4.2000000        0.00112806        0.00275685
     4.3000000        0.00356855        0.00284853
     4.4000000        0.00419052        0.00274090
     4.5000000        0.00312681        0.00294596
     4.6000000        0.00204397        0.00219803
     4.7000000        0.00043959        0.00231777
     4.8000000       -0.00100669        0.00272356
     4.9000000        0.00040949        0.00266164
     5.0000000        0.00234630        0.00230182
     5.1000000        0.00207343        0.00208786
     5.2000000        0.00066266        0.00194098
     5.3000000        0.00215102        0.00258677
     5.4000000        0.00246759        0.00306033
     5.5000000        0.00453737        0.00294671
     5.6000000        0.00581213        0.00294270
     5.7000000        0.00515290        0.00216725
     5.8000000        0.00168125        0.00197122
     5.9000000        0.00250153        0.00217635
     6.0000000        0.00278771        0.00237074
     6.1000000        0.00403542        0.00239250
     6.2000000        0.00244572        0.00217731
     6.3000000        0.00080319        0.00250858
     6.4000000        0.00099956        0.00230105
     6.5000000        0.00421039        0.00249569
     6.6000000        0.00052360        0.00234228
     6.7000000        0.00184371        0.00251755
     6.8000000        0.00401925        0.00306526
     6.9000000        0.00212527        0.00296018
     7.0000000        0.00156688        0.00224846
     7.1000000       -0.00028919        0.00204953
     7.2000000        0.00206660        0.00256289
     7.3000000        0.00022441        0.00301362
     7.4000000       -0.00041241        0.00326111
     7.5000000       -0.00026033        0.00298584
     7.6000000        0.00056816        0.00283580
     7.7000000       -0.00201437        0.00253556
     7.8000000       -0.00297468        0.00280943
     7.9000000        0.00368906        0.00288523
     8.0000000        0.00192246        0.00288733
     8.1000000        0.00228618        0.00284078
     8.2000000        0.00098217        0.00242442
     8.3000000        0.00165923        0.00263828
     8.4000000        0.00101188        0.00244542
     8.5000000        0.00082899        0.00197344
     8.6000000        0.00210970        0.00239968
     8.7000000        0.00319061        0.00192267
     8.8000000        0.00470607        0.00193987
     8.9000000        0.00448882        0.00205180
     9.0000000        0.00811625        0.00173252
     9.1000000        0.01213887        0.00225811
     9.2000000        0.01482236        0.00262491
     9.3000000        0.01809747        0.00255417
     9.4000000        0.02398804        0.00197124
     9.5000000        0.02932449        0.00186606
     9.6000000        0.03962251        0.00200294
     9.7000000        0.05205586        0.00291013
     9.8000000        0.07022126        0.00281494
     9.9000000        0.10437548        0.00315855
    10.0000000        0.14696147        0.00313280
