     0.0000000        1.00000000        0.00000005
     0.1000000        0.79758630        0.00111070
     0.2000000        0.64770515        0.00129140
     0.3000000        0.53484925        0.00141310
     0.4000000        0.44838173        0.00142905
     0.5000000        0.37906039        0.00181116
     0.6000000        0.32452449        0.00208850
     0.7000000        0.27908504        0.00190626
     0.8000000        0.24247270        0.00179652
     0.9000000        0.21035093        0.00181109
     1.0000000        0.18375166        0.00148682
     1.1000000        0.16096172        0.00154994
     1.2000000        0.14170719        0.00157714
     1.3000000        0.12503152        0.00146825
     1.4000000        0.10900703        0.00140444
     1.5000000        0.09711916        0.00160831
     1.6000000        0.08756386        0.00167310
     1.7000000        0.07830570        0.00157875
     1.8000000        0.07015313        0.00134912
     1.9000000        0.06449966        0.00132652
     2.0000000        0.05782518        0.00118134
     2.1000000        0.05150644        0.00127236
     2.2000000        0.04493845        0.00122262
     2.3000000        0.04120971        0.00112229
     2.4000000        0.03815021        0.00107569
     2.5000000        0.03505043        0.00096455
     2.6000000        0.03121947        0.00081292
     2.7000000        0.02819639        0.00098766
     2.8000000        0.02491784        0.00086893
     2.9000000        0.02226609        0.00084176
     3.0000000        0.02029869        0.00116439
     3.1000000        0.01815195        0.00119748
     3.2000000        0.01680064        0.00111527
     3.3000000        0.01539549        0.00115731
     3.4000000        0.01342475        0.00106132
     3.5000000        0.01360081        0.00103718
     3.6000000        0.01284517        0.00092342
     3.7000000        0.01178829        0.00109813
     3.8000000        0.01136087        0.00126006
     3.9000000        0.01112954        0.00114740
     4.0000000        0.01015526        0.00095497
     4.1000000        0.00976094        0.00092106
     4.2000000        0.00956588        0.00121074
     4.3000000        0.00967835        0.00105300
     4.4000000        0.00841005        0.00094407
     4.5000000        0.00830503        0.00095153
     4.6000000        0.00734183        0.00107246
     4.7000000        0.00733189        0.00116889
     4.8000000        0.00668154        0.00100347
     4.9000000        0.00763618        0.00107860
     5.0000000        0.00714138        0.00108157
     5.1000000        0.00670928        0.00103697
     5.2000000        0.00622162        0.00108865
     5.3000000        0.00707519        0.00113357
     5.4000000        0.00800534        0.00123572
     5.5000000        0.00804452        0.00124599
     5.6000000        0.00734238        0.00126208
     5.7000000        0.00762402        0.00124160
     5.8000000        0.00761787        0.00106100
     5.9000000        0.00816303        0.00117418
     6.0000000        0.00861405        0.00102197
     6.1000000        0.00933017        0.00104186
     6.2000000        0.00904386        0.00091397
     6.3000000        0.00944491        0.00093515
     6.4000000        0.01129064        0.00090044
     6.5000000        0.01299045        0.00109951
     6.6000000        0.01386433        0.00099896
     6.7000000        0.01539771        0.00111255
     6.8000000        0.01607120        0.00111042
     6.9000000        0.01814566        0.00115072
     7.0000000        0.02095619        0.00122035
     7.1000000        0.02267397        0.00111399
     7.2000000        0.02566987        0.00105238
     7.3000000        0.02853191        0.00099012
     7.4000000        0.03173146        0.00104591
     7.5000000        0.03461542        0.00116787
     7.6000000        0.03844730        0.00105975
     7.7000000        0.04278380        0.00128792
     7.8000000        0.04747985        0.00156651
     7.9000000        0.05133310        0.00179439
     8.0000000        0.05710172        0.00168887
     8.1000000        0.06358483        0.00145951
     8.2000000        0.07055820        0.00140081
     8.3000000        0.07906301        0.00149089
     8.4000000        0.08960865        0.00141993
     8.5000000        0.09944421        0.00111228
     8.6000000        0.11173913        0.00142121
     8.7000000        0.12510711        0.00118418
     8.8000000        0.14229323        0.00098411
     8.9000000        0.16133050        0.00148753
     9.0000000        0.18488326        0.00144886
     9.1000000        0.21150837        0.00148586
     9.2000000        0.24214831        0.00170587
     9.3000000        0.27853898        0.00166210
     9.4000000        0.32376380        0.00150250
     9.5000000        0.37785230        0.00151782
     9.6000000        0.44618663        0.00146737
     9.7000000        0.53211187        0.00154469
     9.8000000        0.64488782        0.00132677
     9.9000000        0.79624856        0.00124455
    10.0000000        1.00000000        0.00000007
