     0.0000000        0.42773986        0.00630559
     0.1000000        0.36691506        0.00560173
     0.2000000        0.31663029        0.00519347
     0.3000000        0.27413588        0.00471195
     0.4000000        0.23795763        0.00435500
     0.5000000        0.20661516        0.00393006
     0.6000000        0.17988461        0.00369649
     0.7000000        0.15696270        0.00365348
     0.8000000        0.13619900        0.00331684
     0.9000000        0.11909296        0.00336073
     1.0000000        0.10401549        0.00322202
     1.1000000        0.09124994        0.00315950
     1.2000000        0.07968851        0.00320972
     1.3000000        0.06907357        0.00323113
     1.4000000        0.05991313        0.00346536
     1.5000000        0.05182856        0.00353756
     1.6000000        0.04435038        0.00315659
     1.7000000        0.03802358        0.00288821
     1.8000000        0.03242324        0.00247607
     1.9000000        0.02818128        0.00242586
     2.0000000        0.02476329        0.00247485
     2.1000000        0.02181370        0.00229909
     2.2000000        0.01925041        0.00217689
     2.3000000        0.01690150        0.00185350
     2.4000000        0.01476607        0.00175239
     2.5000000        0.01337668        0.00172042
     2.6000000        0.01199342        0.00172651
     2.7000000        0.01024598        0.00183165
     2.8000000        0.00928382        0.00175753
     2.9000000        0.00802295        0.00179362
     3.0000000        0.00716176        0.00184737
     3.1000000        0.00590246        0.00191448
     3.2000000        0.00457723        0.00202797
     3.3000000        0.00396024        0.00186838
     3.4000000        0.00344128        0.00181504
     3.5000000        0.00314960        0.00209307
     3.6000000        0.00293780        0.00214933
     3.7000000        0.00220450        0.00204831
     3.8000000        0.00158043        0.00217292
     3.9000000        0.00055646        0.00219225
     4.0000000        0.00025739        0.00223574
     4.1000000       -0.00018072        0.00243717
     4.2000000       -0.00036266        0.00231517
     4.3000000       -0.00065024        0.00229579
     4.4000000       -0.00061454        0.00172091
     4.5000000       -0.00037929        0.00158607
     4.6000000       -0.00097176        0.00137208
     4.7000000       -0.00183817        0.00129546
     4.8000000       -0.00243663        0.00148133
     4.9000000       -0.00210090        0.00133349
     5.0000000       -0.00146333        0.00117118
     5.1000000       -0.00092465        0.00093689
     5.2000000       -0.00040785        0.00090482
     5.3000000       -0.00026407        0.00102529
     5.4000000       -0.00032327        0.00123093
     5.5000000       -0.00047100        0.00135905
     5.6000000       -0.00109106        0.00157607
     5.7000000       -0.00122135        0.00169227
     5.8000000       -0.00097607        0.00169523
     5.9000000       -0.00012440        0.00172048
     6.0000000        0.00082529        0.00162653
     6.1000000        0.00172567        0.00157718
     6.2000000        0.00282189        0.00146674
     6.3000000        0.00371545        0.00133711
     6.4000000        0.00419672        0.00124652
     6.5000000        0.00450374        0.00109347
     6.6000000        0.00466790        0.00098205
     6.7000000        0.00477809        0.00091339
     6.8000000        0.00532516        0.00090520
     6.9000000        0.00625425        0.00092851
     7.0000000        0.00745597        0.00095646
     7.1000000        0.00829197        0.00103363
     7.2000000        0.00943405        0.00116234
     7.3000000        0.01093359        0.00126200
     7.4000000        0.01280918        0.00137764
     7.5000000        0.01442262        0.00140327
     7.6000000        0.01648549        0.00144359
     7.7000000        0.01863245        0.00148962
     7.8000000        0.02095844        0.00137827
     7.9000000        0.02366012        0.00132571
     8.0000000        0.02656197        0.00136511
     8.1000000        0.03030216        0.00135368
     8.2000000        0.03463695        0.00133473
     8.3000000        0.03986842        0.00147534
     8.4000000        0.04503059        0.00143352
     8.5000000        0.05123803        0.00149816
     8.6000000        0.05844008        0.00158196
     8.7000000        0.06712043        0.00183640
     8.8000000        0.07692417        0.00205241
     8.9000000        0.08783905        0.00226388
     9.0000000        0.10098167        0.00268519
     9.1000000        0.11619661        0.00299291
     9.2000000        0.13350120        0.00324390
     9.3000000        0.15428713        0.00367113
     9.4000000        0.17809892        0.00392798
     9.5000000        0.20623647        0.00456918
     9.6000000        0.23842215        0.00515662
     9.7000000        0.27539585        0.00591825
     9.8000000        0.31785386        0.00646906
     9.9000000        0.36778013        0.00660038
    10.0000000        0.42773986        0.00630559
