     0.0000000        0.18374261        0.00437478
     0.1000000        0.10399379        0.00523972
     0.2000000        0.06231315        0.00467671
     0.3000000        0.03835548        0.00353897
     0.4000000        0.02367275        0.00389815
     0.5000000        0.01436274        0.00607156
     0.6000000        0.00716259        0.00774012
     0.7000000        0.00269518        0.00888011
     0.8000000       -0.00065416        0.00912768
     0.9000000       -0.00140733        0.00994772
     1.0000000       -0.00182593        0.00718390
     1.1000000       -0.00145293        0.00318130
     1.2000000       -0.00205951        0.00060110
     1.3000000       -0.00234437        0.00095707
     1.4000000        0.00044214        0.00078075
     1.5000000        0.00110025        0.00116732
     1.6000000        0.00032526        0.00037381
     1.7000000        0.00074197        0.00049124
     1.8000000       -0.00150359        0.00132699
     1.9000000       -0.00160704        0.00330979
     2.0000000       -0.00208880        0.00570412
     2.1000000       -0.00016448        0.00450636
     2.2000000        0.00194941        0.00463315
     2.3000000        0.00112659        0.00453012
     2.4000000        0.00185308        0.00506899
     2.5000000        0.00275862        0.00522821
     2.6000000        0.00271956        0.00522664
     2.7000000        0.00279748        0.00654723
     2.8000000        0.00197772        0.00434626
     2.9000000       -0.00008555        0.00195265
     3.0000000       -0.00009804        0.00303753
     3.1000000        0.00051977        0.00418257
     3.2000000       -0.00119534        0.00005219
     3.3000000       -0.00200711        0.00169495
     3.4000000       -0.00296981        0.00365603
     3.5000000       -0.00408657        0.00269999
     3.6000000       -0.00389143        0.00196634
     3.7000000       -0.00380309        0.00096883
     3.8000000       -0.00248775        0.00006353
     3.9000000       -0.00136711        0.00236835
     4.0000000       -0.00201278        0.00462475
     4.1000000       -0.00185743        0.00551232
     4.2000000       -0.00246406        0.00600462
     4.3000000       -0.00342154        0.00392000
     4.4000000       -0.00375238        0.00278709
     4.5000000       -0.00160838        0.00211908
     4.6000000       -0.00052962        0.00015847
     4.7000000       -0.00124838        0.00354956
     4.8000000       -0.00094328        0.00489088
     4.9000000        0.00198333        0.00561359
     5.0000000        0.00519232        0.00485463
     5.1000000        0.00802798        0.00205179
     5.2000000        0.00817716        0.00042623
     5.3000000        0.00839538        0.00000245
     5.4000000        0.00613280        0.00197870
     5.5000000        0.00541823        0.00645486
     5.6000000        0.00487563        0.00637625
     5.7000000        0.00564461        0.00565477
     5.8000000        0.00574896        0.00749422
     5.9000000        0.00560065        0.00608282
     6.0000000        0.00476334        0.00547633
     6.1000000        0.00284952        0.00261765
     6.2000000        0.00192307        0.00052911
     6.3000000        0.00090888        0.00195890
     6.4000000       -0.00014567        0.00068467
     6.5000000        0.00205603        0.00273231
     6.6000000        0.00363494        0.00315178
     6.7000000        0.00355196        0.00307821
     6.8000000        0.00362926        0.00277885
     6.9000000        0.00273271        0.00631892
     7.0000000        0.00265726        0.00760189
     7.1000000        0.00484932        0.00618607
     7.2000000        0.00287100        0.00423242
     7.3000000        0.00351739        0.00216408
     7.4000000        0.00593535        0.00297115
     7.5000000        0.00835215        0.00197523
     7.6000000        0.00737123        0.00027338
     7.7000000        0.00614798        0.00047300
     7.8000000        0.00615840        0.00092470
     7.9000000        0.00658710        0.00153848
     8.0000000        0.00591375        0.00525976
     8.1000000        0.00493829        0.00601948
     8.2000000        0.00359044        0.00753902
     8.3000000        0.00092395        0.00961626
     8.4000000       -0.00108988        0.00684644
     8.5000000       -0.00134272        0.00689144
     8.6000000       -0.00214945        0.00525559
     8.7000000       -0.00235702        0.00599345
     8.8000000       -0.00153223        0.00592290
     8.9000000        0.00113169        0.00488414
     9.0000000        0.00221907        0.00592050
     9.1000000        0.00268503        0.00371734
     9.2000000        0.00500313        0.00282439
     9.3000000        0.00747934        0.00045633
     9.4000000        0.01027455        0.00193562
     9.5000000        0.01493705        0.00288201
     9.6000000        0.02407084        0.00283642
     9.7000000        0.03846744        0.00186265
     9.8000000        0.06052203        0.00107120
     9.9000000        0.10261700        0.00148374
    10.0000000        0.18374261        0.00437478
