     0.0000000        0.62086472        0.01016056
     0.1000000        0.50938169        0.01082455
     0.2000000        0.42634861        0.01062698
     0.3000000        0.36465693        0.00985504
     0.4000000        0.31685705        0.00827257
     0.5000000        0.27753531        0.00628419
     0.6000000        0.24689874        0.00536674
     0.7000000        0.22277913        0.00485656
     0.8000000        0.20231863        0.00480718
     0.9000000        0.18492972        0.00489971
     1.0000000        0.16983924        0.00512278
     1.1000000        0.15582800        0.00519464
     1.2000000        0.14345195        0.00447750
     1.3000000        0.13321868        0.00399634
     1.4000000        0.12359086        0.00382158
     1.5000000        0.11586272        0.00399960
     1.6000000        0.10800013        0.00384685
     1.7000000        0.10075545        0.00374569
     1.8000000        0.09401576        0.00396881
     1.9000000        0.08788235        0.00417375
     2.0000000        0.08191581        0.00444190
     2.1000000        0.07662582        0.00431664
     2.2000000        0.07147745        0.00399066
     2.3000000        0.06693353        0.00396019
     2.4000000        0.06349096        0.00371429
     2.5000000        0.06076881        0.00349496
     2.6000000        0.05704868        0.00354641
     2.7000000        0.05285207        0.00347698
     2.8000000        0.04963247        0.00351760
     2.9000000        0.04636892        0.00359180
     3.0000000        0.04294516        0.00372531
     3.1000000        0.04021756        0.00367054
     3.2000000        0.03765621        0.00349749
     3.3000000        0.03535945        0.00337177
     3.4000000        0.03343849        0.00322674
     3.5000000        0.03251120        0.00301658
     3.6000000        0.03196100        0.00294050
     3.7000000        0.03001968        0.00296687
     3.8000000        0.02912538        0.00298072
     3.9000000        0.02878524        0.00312662
     4.0000000        0.02778091        0.00305089
     4.1000000        0.02812763        0.00325913
     4.2000000        0.02787878        0.00335194
     4.3000000        0.02876554        0.00413302
     4.4000000        0.02984154        0.00528569
     4.5000000        0.03153055        0.00639409
     4.6000000        0.02933787        0.00523396
     4.7000000        0.02771770        0.00405748
     4.8000000        0.02607712        0.00330546
     4.9000000        0.02531213        0.00333991
     5.0000000        0.02470659        0.00359241
     5.1000000        0.02394483        0.00420696
     5.2000000        0.02289092        0.00430755
     5.3000000        0.02187196        0.00376106
     5.4000000        0.02004188        0.00343837
     5.5000000        0.01935812        0.00355762
     5.6000000        0.01921508        0.00343453
     5.7000000        0.01958677        0.00307705
     5.8000000        0.02015148        0.00310569
     5.9000000        0.02108254        0.00314302
     6.0000000        0.02243513        0.00319210
     6.1000000        0.02381303        0.00336046
     6.2000000        0.02501132        0.00350010
     6.3000000        0.02607874        0.00360360
     6.4000000        0.02690459        0.00341287
     6.5000000        0.02857267        0.00301772
     6.6000000        0.03106219        0.00275168
     6.7000000        0.03236311        0.00270247
     6.8000000        0.03415322        0.00266413
     6.9000000        0.03600804        0.00288372
     7.0000000        0.03866135        0.00291550
     7.1000000        0.04075029        0.00305659
     7.2000000        0.04370727        0.00302106
     7.3000000        0.04733200        0.00319944
     7.4000000        0.05026165        0.00331473
     7.5000000        0.05456112        0.00328930
     7.6000000        0.05866103        0.00331111
     7.7000000        0.06350090        0.00329266
     7.8000000        0.06770655        0.00310754
     7.9000000        0.07306730        0.00311227
     8.0000000        0.07838585        0.00315785
     8.1000000        0.08464392        0.00331400
     8.2000000        0.09151106        0.00364902
     8.3000000        0.09862905        0.00373432
     8.4000000        0.10508653        0.00359684
     8.5000000        0.11277498        0.00358366
     8.6000000        0.12105792        0.00377081
     8.7000000        0.13073524        0.00398764
     8.8000000        0.14079789        0.00419716
     8.9000000        0.15217963        0.00444548
     9.0000000        0.16500474        0.00454654
     9.1000000        0.18143571        0.00477116
     9.2000000        0.20077425        0.00530577
     9.3000000        0.22387238        0.00582182
     9.4000000        0.25076105        0.00657235
     9.5000000        0.28164380        0.00716745
     9.6000000        0.31884261        0.00775508
     9.7000000        0.36561913        0.00775487
     9.8000000        0.42722438        0.00860561
     9.9000000        0.50934198        0.00979407
    10.0000000        0.62086472        0.01016056
