     0.0000000        2.00000000        0.00000000
     0.1000000        1.58700929        0.00312125
     0.2000000        1.27415005        0.00436595
     0.3000000        1.03179851        0.00377175
     0.4000000        0.83862091        0.00897717
     0.5000000        0.68538662        0.01262563
     0.6000000        0.55805803        0.01325569
     0.7000000        0.45912721        0.00849679
     0.8000000        0.37825990        0.00563932
     0.9000000        0.31431664        0.00192009
     1.0000000        0.25964377        0.00051008
     1.1000000        0.21711375        0.00533790
     1.2000000        0.18191103        0.00700979
     1.3000000        0.15068874        0.01021677
     1.4000000        0.12714865        0.00983496
     1.5000000        0.10646072        0.00521786
     1.6000000        0.08827520        0.01054095
     1.7000000        0.07119424        0.01090502
     1.8000000        0.05976175        0.00577537
     1.9000000        0.04934830        0.01538861
     2.0000000        0.04254621        0.01554167
     2.1000000        0.03702592        0.01175910
     2.2000000        0.02831791        0.00838403
     2.3000000        0.02212703        0.00652945
     2.4000000        0.01665692        0.00741049
     2.5000000        0.01333821        0.00251105
     2.6000000        0.01120698        0.00320925
     2.7000000        0.00915666        0.00619428
     2.8000000        0.00842202        0.00048322
     2.9000000        0.00666880        0.00142844
     3.0000000        0.00765565        0.00403122
     3.1000000        0.00484068        0.00434662
     3.2000000        0.00371738        0.00080101
     3.3000000        0.00453781        0.00306801
     3.4000000        0.00431672        0.00133240
     3.5000000        0.00532273        0.00098293
     3.6000000        0.00384788        0.00024492
     3.7000000        0.00468477        0.00294314
     3.8000000        0.00582608        0.00808060
     3.9000000        0.00496654        0.00871301
     4.0000000        0.00447130        0.00819133
     4.1000000        0.00102406        0.00868941
     4.2000000        0.00086360        0.00886541
     4.3000000       -0.00215930        0.00358929
     4.4000000        0.00278761        0.00637014
     4.5000000        0.00192527        0.00511901
     4.6000000       -0.00178705        0.00495507
     4.7000000       -0.00042560        0.00013645
     4.8000000       -0.00157906        0.00538719
     4.9000000       -0.00140835        0.00274070
     5.0000000        0.00262401        0.00188764
     5.1000000        0.00189609        0.00019969
     5.2000000        0.00510735        0.00016834
     5.3000000       -0.00273407        0.00952098
     5.4000000        0.00139174        0.00960117
     5.5000000        0.00179633        0.00931718
     5.6000000        0.00471850        0.00370379
     5.7000000        0.00463392        0.00495908
     5.8000000        0.00420339        0.00336100
     5.9000000        0.00459606        0.00196001
     6.0000000        0.00738029        0.00033022
     6.1000000        0.00315680        0.00166125
     6.2000000        0.00300261        0.00437618
     6.3000000        0.00496896        0.00210528
     6.4000000        0.00781624        0.00028536
     6.5000000        0.01039906        0.00371284
     6.6000000        0.00706908        0.00254098
     6.7000000        0.00847446        0.00720030
     6.8000000        0.01197236        0.00890716
     6.9000000        0.00986353        0.00527672
     7.0000000        0.00840385        0.00453956
     7.1000000        0.00855272        0.01107506
     7.2000000        0.01163123        0.00915576
     7.3000000        0.01545971        0.00792205
     7.4000000        0.01853225        0.00549156
     7.5000000        0.02201542        0.00602098
     7.6000000        0.02440501        0.00789818
     7.7000000        0.03115029        0.00692683
     7.8000000        0.03686812        0.00564346
     7.9000000        0.04333426        0.00579679
     8.0000000        0.04595579        0.00999870
     8.1000000        0.05236190        0.00221057
     8.2000000        0.06322560        0.00312035
     8.3000000        0.07592421        0.00196908
     8.4000000        0.09015376        0.00067407
     8.5000000        0.11394041        0.00655688
     8.6000000        0.13517551        0.00471938
     8.7000000        0.16027778        0.00672807
     8.8000000        0.19129756        0.01059605
     8.9000000        0.22910067        0.01069334
     9.0000000        0.27558214        0.01366743
     9.1000000        0.32670959        0.01722665
     9.2000000        0.38890512        0.01801211
     9.3000000        0.46566528        0.00884708
     9.4000000        0.56392708        0.00292404
     9.5000000        0.68360942        0.00146221
     9.6000000        0.83895624        0.00934487
     9.7000000        1.02991843        0.00834541
     9.8000000        1.27685130        0.00349872
     9.9000000        1.59055963        0.00093895
    10.0000000        2.00000000        0.00000000
