     0.0000000        0.06465731        0.00117962
     0.1000000        0.03936768        0.00156285
     0.2000000        0.02245313        0.00124377
     0.3000000        0.01447069        0.00182717
     0.4000000        0.01012234        0.00158026
     0.5000000        0.00405794        0.00117672
     0.6000000        0.00203199        0.00117006
     0.7000000        0.00114111        0.00137708
     0.8000000       -0.00058879        0.00090826
     0.9000000       -0.00172086        0.00072527
     1.0000000       -0.00388856        0.00117547
     1.1000000       -0.00318909        0.00151721
     1.2000000       -0.00251737        0.00125652
     1.3000000       -0.00351924        0.00159601
     1.4000000       -0.00493625        0.00123133
     1.5000000       -0.00316104        0.00149419
     1.6000000       -0.00063911        0.00155060
     1.7000000       -0.00080011        0.00107555
     1.8000000       -0.00024329        0.00153571
     1.9000000        0.00061224        0.00117493
     2.0000000        0.00089987        0.00114114
     2.1000000       -0.00006516        0.00142300
     2.2000000        0.00014864        0.00086578
     2.3000000        0.00028172        0.00153317
     2.4000000        0.00094272        0.00192797
     2.5000000        0.00157203        0.00157226
     2.6000000        0.00067300        0.00173811
     2.7000000       -0.00063806        0.00133731
     2.8000000       -0.00080938        0.00123159
     2.9000000       -0.00218978        0.00138547
     3.0000000       -0.00234198        0.00158479
     3.1000000       -0.00276255        0.00133130
     3.2000000       -0.00088063        0.00133135
     3.3000000       -0.00119961        0.00161886
     3.4000000       -0.00016494        0.00177414
     3.5000000        0.00098237        0.00183413
     3.6000000        0.00295692        0.00149499
     3.7000000        0.00249179        0.00102886
     3.8000000        0.00034546        0.00128273
     3.9000000        0.00053034        0.00152976
     4.0000000        0.00042426        0.00131388
     4.1000000        0.00078792        0.00129434
     4.2000000        0.00029651        0.00150888
     4.3000000        0.00073661        0.00169135
     4.4000000       -0.00182046        0.00149587
     4.5000000       -0.00025218        0.00155326
     4.6000000       -0.00057341        0.00155091
     4.7000000       -0.00049740        0.00140153
     4.8000000        0.00087323        0.00127605
     4.9000000       -0.00101032        0.00102385
     5.0000000       -0.00158285        0.00108722
     5.1000000       -0.00106857        0.00099693
     5.2000000        0.00013880        0.00144750
     5.3000000        0.00187141        0.00125523
     5.4000000        0.00212583        0.00166141
     5.5000000        0.00232040        0.00134726
     5.6000000        0.00076510        0.00136737
     5.7000000       -0.00103686        0.00132054
     5.8000000       -0.00323354        0.00186611
     5.9000000       -0.00087604        0.00134460
     6.0000000       -0.00101859        0.00146139
     6.1000000       -0.00135017        0.00129315
     6.2000000       -0.00126491        0.00126459
     6.3000000       -0.00003899        0.00120144
     6.4000000       -0.00161636        0.00148340
     6.5000000       -0.00040080        0.00150752
     6.6000000       -0.00155693        0.00194202
     6.7000000       -0.00067156        0.00159284
     6.8000000       -0.00328489        0.00169418
     6.9000000       -0.00127105        0.00153635
     7.0000000        0.00253979        0.00156054
     7.1000000        0.00162182        0.00141422
     7.2000000        0.00220642        0.00166585
     7.3000000        0.00052344        0.00186223
     7.4000000       -0.00112961        0.00128546
     7.5000000       -0.00122747        0.00158858
     7.6000000       -0.00011837        0.00111461
     7.7000000        0.00014129        0.00130755
     7.8000000        0.00141798        0.00207084
     7.9000000        0.00115449        0.00174160
     8.0000000       -0.00023667        0.00195439
     8.1000000        0.00278183        0.00191532
     8.2000000        0.00237093        0.00178618
     8.3000000        0.00554376        0.00173982
     8.4000000        0.00660160        0.00165824
     8.5000000        0.00897663        0.00142218
     8.6000000        0.01092591        0.00172076
     8.7000000        0.01162225        0.00185059
     8.8000000        0.01908308        0.00183846
     8.9000000        0.02686861        0.00183429
     9.0000000        0.03622629        0.00188823
     9.1000000        0.05127406        0.00168252
     9.2000000        0.07498238        0.00169341
     9.3000000        0.11108885        0.00182828
     9.4000000        0.16304346        0.00183139
     9.5000000        0.24412679        0.00197737
     9.6000000        0.36105712        0.00184770
     9.7000000        0.54240058        0.00190540
     9.8000000        0.81997276        0.00219508
     9.9000000        1.25669588        0.00175999
    10.0000000        1.93534269        0.00117962
