  1074803639  1642316709
   1.40345211626237     
  -1.82784205871800     
   1.70365779404679     
   1.12742660266277     
 -0.380974548278092     
  -2.70685839153000     
   1.70356430303323     
   1.10373755088587     
   2.16065133598169     
  -2.25845448765745     
  3.407669799902755E-002
   2.29978210679743     
  0.734230732805100     
  -1.86164150068459     
   2.95752617779291     
   4.95450607304359     
  0.952473371260905     
  -2.37962141993452     
   2.96515851154435     
   2.50134810939654     
   2.46970435141979     
  -4.01878849951173     
   1.67240104977968     
  0.611924617975778     
   4.03670738407130     
  -1.84974323715025     
   2.67163076069860     
  0.837266667288159     
   3.61616765141790     
  0.276855290165185     
   1.86351704584328     
   2.79360674922175     
   3.71774037113225     
  0.287723168265743     
   1.91889400933240     
   2.85939869030165     
   3.03255563963608     
 -0.364509328512161     
   1.53132454806376     
   2.21123634328280     
   5.54576255034670     
  0.985723173382434     
   5.00847117836946     
   2.12347581592501     
 -0.848286273190715     
  -2.92222641010110     
   4.56107319020848     
  0.703775193681467     
   3.16234320396763     
   2.93614442693701     
 -0.209696632844793     
   1.67496904013866     
   3.41506088664893     
  -1.81268342017858     
  0.670092479591107     
   2.51525703917141     
 -0.248611397029346     
 -0.638723725714775     
   1.82113280683761     
  -1.36139567092233     
  0.222617001816759     
  -2.93534472355574     
   2.46412607961724     
  0.869206907262745     
   1.47450163777921     
  -1.01791847349714     
  0.820575814184865     
   1.22920769581013     
   2.68408099965268     
  0.796171254457759     
 -0.295008890993919     
  -1.82221806880662     
   1.12579723130612     
  0.731409302361437     
   1.95332794376293     
   1.70681815104435     
   2.40739182673899     
  -1.63015831817814     
   3.74115449844985     
   1.67922237607778     
   3.61561451776233     
  -2.16771617612061     
   2.38291691093494     
   5.71140896846998     
   2.79146187824561     
  -1.93963503248297     
   1.26252317709943     
   1.70152946210628     
   1.06833351207658     
  -1.98084731904196     
   2.70175722103554     
   2.13605810715865     
 -0.170021997916561     
  -1.19608215045412     
   1.41598156065764     
   2.52367172039953     
  -1.06595661943484     
  -4.04647748682021     
  0.450281538793956     
   1.58127657522642     
  7.563316533185922E-002
   1.18195326640881     
   2.37046636553966     
   1.04123038093560     
   1.21404826368622     
 -1.362595769860566E-002
 -0.243038677392895     
 -0.920943510359784     
   3.30900045359781     
  -2.37843459097022     
   3.24903406010861     
   2.62928363750395     
   2.73861138541672     
  -1.23016102248296     
  0.737970146545950     
   2.65122079837270     
   1.09951882215154     
  -3.38310268800294     
 -0.537589460317886     
   4.28195142989254     
   2.57322014982552     
  -1.07656073639224     
   1.68880958141756     
   3.65164746514338     
   3.25633720948948     
  -1.55833265768680     
   2.15698479212940     
   1.04784162111572     
  0.392818218811390     
  -1.61053811105586     
  -1.13450966669705     
   1.98446872752942     
   1.41726457744671     
 -0.194623405456059     
   5.02818766063301     
   2.72504281634384     
   1.28656800569892     
 -0.996996927761207     
   3.02386169173364     
 -0.495223639629269     
   3.83549211775428     
  -1.98216938782153     
   1.43158467215392     
  0.973203753971723     
  0.600930375792622     
  3.737635045850486E-002
  0.884017566965824     
   2.91497489371483     
 -0.994679856268264     
  -3.06817463719716     
  0.420090070665014     
   3.11458941671176     
   2.05844816335220     
  -1.82831921527800     
   2.74113254542404     
   2.28391874123751     
 -0.407909802354703     
   1.50075141414141     
   2.06695417824159     
  0.244387632076925     
  0.553246984555597     
  -1.02059174891550     
   2.69142369734280     
  0.655482589573308     
  0.401390122124655     
  -1.22658867648958     
   3.11494413883142     
   1.44203859753396     
   1.54263180145160     
  -1.07775956324156     
   1.46499410118698     
 -0.133152815367570     
   1.46681461621766     
  -1.31504725482221     
   1.08420162268388     
   1.95197581531728     
   1.86377291400473     
  -2.64060213760507     
   2.01390418342155     
  -2.25542341991594     
 -0.459192805541748     
  -1.79023229298400     
 -0.154966988419749     
   2.52201013037620     
  0.802003711436450     
  -3.98367755551403     
   1.47014421078932     
  0.222322582273975     
 -0.918832122511080     
  -4.33307929082905     
   3.12120369467395     
  -1.45532894701753     
   2.43202275744912     
  -2.50743831269078     
   1.20463901718929     
   2.80753711295142     
   2.95931399808593     
  -4.35640321740564     
   1.84559192506032     
   2.12865646545291     
  0.727529398978845     
  0.368173972341529     
  -1.24730086783646     
   2.19884919281967     
  0.245656333556534     
  -3.97258197315183     
 -1.744912458220813E-002
   2.80099604820333     
   2.30990639145342     
  -2.55623148517814     
   2.20140388487746     
   1.99282738139324     
   3.17618787258157     
  -2.99198858513508     
  0.615962108575034     
   3.62813747522309     
  -4.02136889249664     
  -2.21129916905308     
   2.57822180347577     
  -1.86436703839418     
   3.82322616159828     
  -1.09557940204655     
   2.97309051093724     
  -1.04368001370057     
   2.79578150768767     
  -1.21237059908312     
 -0.476467743253585     
   1.97952200535150     
   3.85769415413805     
  -3.44272791513144     
 -0.330954790561661     
   2.77837356583817     
  0.877579121881266     
  -1.59303737502748     
   2.62842178156188     
   3.89218735302911     
   1.25559325196928     
  -1.40176293163869     
   2.69787359718331     
  0.749324506230951     
   2.84241901296856     
  0.254301085040114     
   1.77857794953614     
   1.67881491683268     
   1.11483680887571     
  -2.41959342276195     
   3.65931552121809     
   3.07350778762838     
   1.66252404363718     
  -3.13610951739772     
   2.36619485435542     
   2.26015358527455     
   2.07818984451986     
   1.78009342871329     
   1.32551091536946     
   3.60602332261229     
   1.25089917662119     
  -2.41767608436667     
   1.32097804900443     
   3.97344044848381     
   2.65509548334869     
   1.77451579076601     
   3.09756925838991     
   2.29444923987449     
  0.772680312724209     
  -3.15253153398685     
  0.692505129044334     
   1.53398286167229     
   1.61386853728770     
   1.03168954387383     
  0.281084467862849     
   1.92350971071355     
   1.51821988381451     
  -3.18997759436472     
   3.61603732578828     
   1.61257540716525     
  0.842046156297854     
  -3.17580923097673     
  0.913130669829907     
   1.99361723157949     
   1.27283304940227     
 -0.338818201832213     
   4.43451961448568     
   2.00021602585882     
   1.46827944131834     
   1.16525268469069     
   1.39112470158537     
   4.57517875899721     
   3.12016135238044     
   1.28421878834652     
   2.67405436141493     
  0.354480716984728     
   2.38997579007066     
  -1.50569197660250     
  -1.43248498026654     
   2.20976331346900     
  0.249300750618562     
 -0.775225285325679     
  0.267262447913037     
   1.23339246585305     
   1.19784116729258     
  0.956806593246757     
  0.836047221421921     
   5.12328561274271     
  0.941892488636556     
  -2.26017924954567     
  0.253961848746085     
   2.01429550345528     
   5.67341432887726     
   1.08382526092465     
   1.70724600595821     
   2.94730845084614     
   2.72437880296184     
 -0.556866061773735     
   2.51490175622788     
   3.23764669382088     
   2.98617887647864     
  -3.49367012559795     
  0.862768268296376     
   3.87796656338745     
 -0.844861197418186     
  -1.69878145258873     
   1.23265416306870     
   1.54193148153319     
   2.07941657407498     
  0.535900142037545     
   2.43424189112118     
  0.712539680639242     
   2.21260122997572     
  -1.83522754346970     
   2.13427074527362     
   5.64834882145922     
   1.55438998366580     
  -1.12571221451833     
   2.86505209076054     
   1.71352140584540     
   2.48808971603362     
  -2.92804812711930     
   1.90053565674797     
   2.17428671882553     
   2.91980156195769     
  -1.42652125483579     
 -0.633065910553130     
   3.48057323113737     
   3.08803975513318     
  -1.59770263291917     
  0.759270559262562     
   1.40652750055880     
   2.79740962523040     
  -1.65279736518861     
   1.06430865478143     
  -2.11276891483159     
  0.206692171300600     
  -5.01579364885252     
   1.29442590748093     
   2.37774168222555     
   1.39366855073243     
  -1.87736494318777     
   2.60453509641558     
   2.04850948064763     
 -0.368162787117194     
  -2.60186979793122     
  0.668530098242301     
   1.31955719103889     
   2.67303704085213     
  -4.03731831555370     
   2.74126289499109     
   2.04020681473177     
  -1.01452630245815     
  -2.34965163720439     
   1.35403425134569     
   2.49344826535453     
   1.45356340401736     
  -2.90392937469116     
   1.96320577328646     
   4.56650340675897     
   2.53274605839436     
  -2.32654780000525     
   2.18976914669012     
   1.83837211389538     
  -2.12848389637630     
  -3.58398125437953     
   3.32958478379524     
 -9.539828357634861E-002
   2.50864037487868     
  -1.58948101292730     
 -0.811679187612071     
  4.373302705864832E-002
   3.11448096728810     
  -2.64526101022192     
   1.86781583600479     
  0.585079205656341     
 -0.350395740628009     
  -3.47565620942168     
   1.04142881334435     
   1.71050816062026     
   4.03908313570832     
  0.807703067167923     
  1.701904703661523E-002
  0.791047719301820     
   1.75080340564931     
 -0.693044579677151     
  0.725082393668880     
  0.625794621424955     
 -0.925306094021771     
  -3.45045026514786     
   1.35375605742087     
   2.46105761330243     
  -1.25913341507929     
  -1.91842603416303     
   1.75727829405329     
 -0.615346562083893     
  0.947967407245543     
  -2.34827752521019     
  -1.49250910110802     
 -0.187105582595604     
   1.43008926299107     
  -3.22162702431419     
   3.11741743397054     
   3.68843148217937     
   1.87943764286529     
  -4.17002242168582     
   3.49082593626234     
   2.53519664598103     
 -0.754453271260636     
  8.951563032657361E-002
   1.00197574878601     
   1.02551146047876     
   1.66877919181875     
  -1.50298815425945     
  -1.80536549489966     
  0.896622819194244     
   2.36688373356359     
  -2.82200214101322     
  0.430994659498932     
   3.93985901416275     
   3.00904435944282     
  -2.34425500207011     
   1.45718872020874     
   2.33727442219237     
  0.667796539815605     
  -1.99998674211131     
  0.131064800998987     
   2.40159347115438     
   1.59832642451894     
  -1.49336174530332     
   1.84763642361107     
  0.620329341564713     
   4.73733120088369     
   2.81883762924343     
  -2.51214664861789     
   4.08057823741370     
   1.85805670318286     
  -1.87734449310215     
   3.71115963002542     
 -0.172478099540613     
   1.98685653315213     
   2.10135356666032     
   1.09986554794516     
   3.39670075671001     
   3.75148708395060     
  -2.04756184016209     
   1.32269739566709     
   3.21413451721165     
  0.859664828326455     
  -3.81855406254281     
   1.63187451755648     
   1.99628075596378     
   1.60103561898077     
  -3.27527362251240     
   1.06504122422016     
  -1.35723918622786     
   2.60666132408037     
  -1.99143762875774     
   3.69123871647375     
  0.247466953746271     
   1.56859951659030     
  0.439044837794015     
  -2.42300875783203     
   1.30736337793765     
   1.12593681785683     
  -3.25814428003260     
   3.03354300598016     
   4.19786772690019     
  -3.12875727725518     
  -3.51067854724872     
   2.18241494586392     
   3.90950860705582     
   1.28960591758532     
  -2.18647749378909     
   1.40085746429983     
   1.06533677778778     
   2.20381155564450     
 -0.989666431197401     
   3.33324891045480     
 -0.457462589520018     
  0.525093251650190     
  -1.73771452340645     
  -3.18962584629682     
   1.53752226980092     
   5.08015299182400     
  -2.54546246269959     
  -1.16927036242256     
 -0.566154659178052     
 -3.949084345860460E-002
 -0.429507048926623     
   2.53278210086800     
   3.25672944924523     
   1.46408868083370     
  -1.82114951534913     
 -0.446562088397523     
   5.98125776173710     
   2.36568073127190     
  -1.69235925842599     
  0.520991443023819     
   1.48121671244693     
  0.760645097149003     
  -5.13237786131303     
   2.37863973742117     
   1.74640432471213     
   2.77135139019426     
  -3.25288219967063     
   1.92617111341067     
   2.24043022533832     
   1.36714778858623     
  -1.07306480830873     
   2.08297979515584     
   1.95379549545968     
   1.75295881872965     
  -1.95548539295608     
   2.51935624570761     
   1.56838171212366     
   2.22316590436606     
  0.349922890468280     
   1.85715075570645     
 -0.128059311685138     
   3.02308056838785     
 -0.971832824288431     
 -0.367614533290728     
   2.21706801679379     
   1.03757927204077     
  -2.25430085515384     
  0.999399172014108     
  0.817750228318124     
   2.23900268698672     
   1.00475970021094     
   1.88590396819810     
   2.62531335593026     
   3.70747540780709     
  -2.34410458067911     
   1.20499166698883     
   2.56441093935642     
   2.20942764246957     
  -5.97924472192642     
   2.85697030337996     
   3.51330822962793     
   5.20860678429685     
 -1.505799997308121E-002
   1.48627829597910     
  0.571997379026692     
   4.29749974280685     
  -2.03600159509086     
   2.60043585972545     
   3.03827023124228     
  -1.27345530702824     
  -1.47498816827078     
 -2.981481677661474E-002
   1.92933128122130     
   1.49651620278462     
  -2.19057148977272     
  0.631558204642416     
   2.09243454206069     
   5.47528425427471     
   1.18920703882382     
  0.460857568341167     
 -0.138798104181051     
   2.85108366933098     
  -1.51609222405983     
  -1.13080662995253     
  0.438111265517831     
   3.04397482964818     
 -0.986678704919162     
   2.06184893482729     
   1.79339178856120     
   1.10180217690044     
  0.166770009927266     
   5.08614251368976     
  -1.42256487589090     
   2.01056981695084     
   3.80690556424566     
   2.64537909496416     
   2.27547208382932     
   2.94373252387638     
 -0.972737894721979     
   2.13427581276123     
  2.460061987291071E-002
  0.836197713777858     
  -2.66416185634250     
   2.69751807406822     
   3.68972455033194     
 -0.675361155650163     
  -2.02753655718631     
   1.90633180594034     
   2.98024848280068     
 -5.573299562887813E-002
 -0.113082901011122     
   3.64140949085768     
   2.32917879105103     
   3.91620887897066     
  -2.60528691908483     
   3.03112172734157     
   1.00638480173347     
   1.78197702710127     
  -1.08923675402647     
   1.86027667474218     
   1.42476371078778     
  0.170014308314675     
 -0.215373317640270     
   1.43498231799639     
   2.62990573976113     
   1.12190249009616     
  -3.54549312055622     
   1.90706478588230     
   4.81860676973160     
  0.646101038954770     
  -1.27566204121125     
   2.66404913104278     
  0.286742721415497     
 -0.806237374087302     
  -4.07942965888172     
   2.44806666221400     
  0.612578647448725     
   1.49172758008144     
  0.320561057325501     
  0.843194606352260     
   2.53025261493497     
  0.702174865497975     
  -3.11769093200335     
   4.03092662499339     
   4.21632027452280     
  0.652473501390135     
  -2.99917537569678     
   1.85713671235221     
   2.10562378840152     
   2.23430867317949     
  -1.25199206011328     
   1.80687142469638     
   2.50247258185959     
   1.57931976017987     
  -2.08367279211047     
   5.56959041740898     
   4.21943427906652     
   1.10240089598605     
   1.34228591917145     
 -0.410314159495359     
   3.83984386349321     
  -3.16527863012667     
   1.18635407604837     
  -1.23294886901109     
   1.43343927144860     
   1.79452894730963     
  -4.18128716891883     
   1.27829852026106     
   2.44032395880319     
   2.81854153051960     
  -1.37959143870790     
   4.07692070354154     
  0.714087554571149     
  -1.02964221732938     
  0.510415865138437     
  -1.26938912763546     
  -1.53124795502539     
  -1.10960122919578     
  -4.69999443136948     
   1.72811255805122     
  -2.08746734102455     
  0.785918259131651     
  -1.30388384704017     
 -0.825864226467915     
  -1.49719710677268     
  -2.56376098909473     
   1.19658133606493     
   1.38616077521318     
   1.28622735675266     
   3.55666359187862     
  -1.25720751575833     
   2.51375156956976     
   5.35788077215504     
   3.24430208371554     
  0.144444965844261     
   2.15839317428108     
   3.56835701075253     
  0.336050301497749     
  -3.74575518930288     
   3.09354980113502     
   1.17659275790611     
  -1.83050509877716     
 -0.509965925584097     
   3.53925411958329     
   1.86179210074131     
  0.614994836141408     
  -4.06351009210068     
   2.32238786774036     
 -0.790396051335510     
   2.31012597417433     
 -0.924403629112459     
  4.938639987002721E-002
  0.775267577624522     
  -1.27472624577653     
  -2.76578802423895     
   3.15835392776098     
  -1.73899922367797     
  0.945360726387872     
  -1.98950213883182     
  0.442498614851515     
  2.869884033954387E-002
   5.03607263777480     
  -1.53863125390256     
 -5.154202494028586E-002
 -0.456630608120923     
   2.28508555184563     
  -3.30228729891037     
   2.20053016495846     
   5.40049031941882     
   2.16693724422156     
  -1.94229896463445     
 -0.979610979260991     
 -0.384387891348708     
   2.00897777521112     
  -2.98311248844468     
   2.54835888459723     
  -1.14360014979855     
  -1.84112094417566     
  -4.15267922960759     
   2.14400395059705     
   3.62921225868800     
   3.99353532938897     
  -1.90307470163906     
   2.44932854132658     
   2.79444570825331     
  -1.48169012748200     
  -2.31949211363173     
   1.46746131031359     
  -2.34655915321153     
  -1.40655170700408     
  -1.04907248671217     
  -2.15150263540641     
   3.03286184222078     
 -0.219235105617414     
   1.36515392007103     
   1.17813386088330     
  -2.52326175590084     
 -0.266617236452408     
  0.420029744318004     
  -1.24474186079459     
   1.87792676512224     
   4.37864807397663     
  -3.99018520702814     
  2.302825930559105E-002
   3.96817236712162     
   2.64656228009245     
  -2.39747326439540     
   1.11025276455231     
   2.59572672368976     
  -1.43169672319885     
 -0.901863672645771     
   3.33207901603115     
  0.849891596264425     
   3.08437995001005     
  -1.93946038150657     
   1.63371858264747     
   5.03914794324588     
 -9.930829254552649E-002
  -3.84947029088727     
   3.74836543900917     
  0.889714815665210     
  0.597287772555264     
  -2.04365809958149     
  5.615574706315821E-002
   3.39415410413442     
  0.277862021919748     
  -4.55763824650693     
   2.76642968521745     
   1.79889918512717     
   1.46795092622797     
  -1.92344658883516     
   2.54470569133385     
   1.45060747609714     
   2.68866170600293     
  -2.26189774689789     
  0.619229823932930     
   1.04040296508832     
   2.29659714211885     
  -2.55517450883756     
   2.66318958878912     
  1.307157066832097E-002
   4.52522373950773     
  -1.93019800335857     
   2.44942673576414     
   4.13505498152551     
  0.431677693402087     
  -2.51260749922850     
  -2.32099345096188     
   2.35315040335278     
   2.76293080707611     
 -1.519881877151979E-002
   3.24580495319972     
  -1.04821915008613     
   2.94944675161895     
  -3.40609318060445     
   1.58543875330550     
  -1.21518719338054     
   3.91910632741665     
   1.35632428681883     
   1.38713131522674     
   3.68229998214401     
   2.47022619716263     
   1.50629235805264     
   4.33842219781886     
  0.351305975251583     
   2.53684247675720     
   1.30666713706218     
   1.69552348929573     
   3.57165022183317     
   1.15316491315686     
  -1.51524657199201     
  -1.19683004793863     
 -0.306202456499437     
  0.633787330230140     
  -5.14012905533361     
   3.39287722287414     
   1.47561213940661     
   2.59307244651820     
  -2.75935804144182     
   1.68334705386360     
   3.79209979521445     
   1.50071180349648     
 -0.313390419355329     
  0.688826288776576     
   1.72167494643161     
   2.09857682800868     
  -1.72797807968005     
   2.93444410443554     
   1.70010173380551     
   3.77094032038162     
  -1.32885530941869     
   2.44369174085767     
   2.82678483418361     
   1.97639702829966     
  -1.13026630513139     
   3.70647778236565     
   2.14529338996952     
  0.522327411396516     
  -2.15767000678237     
  0.343493718530371     
   1.18809472514137     
   3.54588580868015     
  -1.87631382880542     
   2.13243834413886     
  -1.81716985734991     
 -4.152673688880967E-002
  5.565767907288032E-002
  -2.50024724501690     
  0.283779919029721     
   1.46010477979541     
  -2.04837683702291     
  0.738064323815032     
  0.937724123355044     
   4.37078516926842     
  -1.94008077718960     
   3.17128704836128     
  9.782895816938429E-002
   4.83060865924166     
  -2.55981457598382     
   3.52141887324654     
   2.12495887398638     
   1.62650743729180     
  0.374722664047161     
   1.78445276598031     
  0.891574760898199     
   2.01362235443025     
  -2.04232213688219     
 -0.728977274571969     
   2.37793879995875     
   2.40136762225365     
 -0.883974275967825     
  -1.46395562928808     
 -0.454054158080705     
   3.30917517716302     
   1.01068964343806     
   3.11282306458781     
   1.31674724225815     
   2.49920815192352     
  -2.41447169022989     
   3.47222588951891     
 -0.248899913449104     
  0.229340804547327     
  -2.84995787474336     
   2.47274058112275     
  0.364801714871437     
   2.58667353778350     
  -2.30095257570253     
   1.59620832424088     
   2.54703269082081     
   1.18025844596207     
 -0.515471832948226     
   2.66647862267582     
   6.32347462723918     
   3.42802034328194     
  -3.81105911906920     
  8.872055824695986E-002
  0.402980238873404     
   2.54233698483328     
  -3.22380392265108     
   3.40036536731643     
  0.112446450144115     
   2.42018735181565     
  -4.83423866728781     
   1.87543278466416     
  0.961490145828581     
 -0.122931471092788     
  -1.87328659871169     
   2.28439192228083     
 -0.843872716077972     
   1.47344391561602     
  -2.44172707832355     
 -0.611606007765916     
  -1.24305134500667     
   3.79278651425602     
  -1.34361626525844     
   2.73184368338602     
   3.00938403682000     
   2.06604978052670     
 -0.605900953005491     
   3.24313465432608     
   2.66267434260897     
  0.142130966074425     
  -1.25620791075949     
   1.04034567295948     
   1.70847872248260     
   3.71491790556234     
  -3.32679525853567     
   1.87168681510113     
   3.58044328516744     
  -1.39443127942492     
  -4.36609618011326     
   4.48057917725633     
   3.75582250591963     
  0.782310319356017     
 -0.291665295733611     
   2.68785132326003     
   1.29655654375595     
   2.53834927693285     
  -1.87376523990515     
   2.17021536504001     
   2.70302661682901     
  -1.29486518246656     
  -1.74300024825511     
   1.12185816830565     
   4.78547737893878     
   2.46836533916722     
  -2.25871383910469     
   4.33510278370266     
   4.30013960691248     
   1.08226552865593     
  -3.16015642549769     
   2.31207291571705     
  0.476535294635292     
   2.98328882559957     
   1.17245993381272     
   1.52048798034388     
  -1.28234343653616     
   3.00217962453912     
  -2.43704910181309     
  0.687592289893749     
  -2.11654453146691     
   1.42773244106270     
  -4.60711898580920     
  -1.17806583223190     
   3.22864859216840     
   4.85870603674405     
   1.45721323280173     
  -1.56594972155453     
   1.01966572595671     
   3.48488124145633     
  -1.47223816404641     
   3.60576781819261     
  0.434477602448077     
   5.18252851248242     
 -0.947750949100956     
 -5.431624151170258E-002
  0.706514181605449     
  0.189044236859371     
  -2.75868358183479     
   5.52390755155861     
   2.16037650699206     
  -1.62264975764304     
 -0.762833464550057     
   1.62911829321320     
  0.268776823702107     
   2.33853246191419     
  -1.53388819621134     
   1.04085778099209     
  -1.50454648249723     
 -0.168375344594645     
  -3.58059264494750     
   1.53771644393625     
   4.27220065596830     
   3.18894461358307     
  0.526622863245233     
   3.63552719255324     
   2.19756202009408     
 -0.158112168200030     
  -2.68630174718004     
 -0.100249464345237     
  -2.59178442605608     
   1.68317328561533     
  -3.91883974196156     
 -7.016324355971400E-002
   2.57422526179475     
  -1.40931486628691     
  -4.09794639766162     
   2.75836873238164     
  0.775679064618741     
   2.05134040436762     
  0.626377981048787     
 -0.414339779193854     
   2.00221010613709     
  0.898572844125484     
  -3.39796260275486     
   3.51693687525611     
   3.04266610330282     
   5.38282678717544     
  -3.98311325080886     
   1.46536539357113     
   2.35111311374024     
   4.25194105825561     
  0.425723720103444     
   1.66136880298457     
 -0.943101639604875     
   4.47873764403543     
 -0.454507259547832     
   3.07229423582753     
   2.53513423539449     
   2.01914134756631     
 -0.940442992255418     
   1.58295068864679     
   3.13059099944811     
 -0.387950054100399     
 -0.237927323070648     
  0.684398355957907     
 -0.480251182602477     
  0.150199387073928     
  -3.48931177103521     
   1.89370809515872     
  0.660227904978003     
  -2.70659431593764     
  -2.02905119085860     
   2.63631021088575     
 -0.919050099120658     
  8.346858660489276E-002
  -1.65549010920316     
   2.58507418815724     
   3.16676776090572     
   2.06841301318501     
  -1.80900837604110     
   1.72886801810831     
   1.63630191137901     
   1.69914021140811     
 -0.161817914093956     
   2.47899600468599     
   2.47038587097904     
   1.90951103832377     
  -4.45785587405367     
   1.41397791725433     
   1.01904495557759     
   2.43613734979607     
   1.20973360753025     
  -2.20261596160824     
   2.97416827662474     
   3.64370267595862     
  -5.15173867602801     
   2.56767120154849     
   2.95594460238555     
   3.48307563500242     
  -3.27139969707831     
   3.77869843868553     
   2.19532029951442     
   1.58189790661647     
 -0.442356174304785     
   4.27737806662007     
  0.693707966377651     
  4.527044877120806E-002
  -1.56966519700652     
   2.86884083438276     
   1.94136882955152     
   1.40746522845014     
  -2.27128025679625     
   3.10920929418033     
   3.04019554205327     
  -1.46075376816938     
   1.22151981258439     
  0.852010057966112     
   4.21321436731619     
  0.173608855265001     
  -3.26442646663680     
  0.510643189485883     
  0.143260063701164     
   3.87003570841315     
   1.30959938601585     
  -2.11999047112734     
   2.27262583655949     
  0.446290829956083     
  -3.29568472496866     
   3.12909437330829     
  0.489088329326781     
   1.08838760464013     
  -1.34912701033994     
 -0.289714904117133     
   1.58123154910624     
   3.03081611389436     
  -3.07661960013186     
  0.664760330697783     
  4.460242051560852E-002
   2.12461400395814     
  -2.55393151245858     
   3.17118213782005     
  0.788242536617632     
   2.13625919317698     
  -2.54106169309612     
  3.424748669335508E-002
   2.87906378090654     
   1.54442308415788     
  -1.25071011441665     
   2.74568115743734     
   4.98726604804873     
   2.94722717813628     
  -3.30242034754361     
   3.14792155378143     
 -0.681843145659836     
 -0.386046042961563     
  -1.35591468264582     
   2.57846146845582     
  0.263542172039838     
   4.22866470875381     
  -1.15990220190680     
  0.592227726820497     
   1.03883281373239     
   1.98641643688508     
   2.03896746462822     
   2.25399076991014     
  0.410954548339724     
   1.81931693598735     
  -5.84758222572101     
   1.06099648861384     
 -0.388469353722842     
   1.52905765624595     
 -0.934718991304191     
  -1.37032765409245     
   2.06131153266091     
   4.35488729983722     
  -5.51340619510942     
  -1.76819682813358     
   2.09671684281389     
  -2.16357020608564     
  -2.39392236340249     
   1.77873017242076     
  -2.22781374934063     
  0.212435094952122     
  -2.69257807086294     
   1.60359944785684     
   2.14256698020053     
   1.77841205410218     
  -1.11250762954566     
  0.661250740164645     
   1.16978798894509     
  0.591903093532624     
  -1.87868542281096     
   5.61215881919482     
   1.55703821405090     
   1.33210758002395     
  -1.31128792637819     
   3.13756408271728     
   6.15585597943732     
  -2.35049925022469     
  -3.52304891246557     
  0.699312844823266     
   4.82646998617484     
   3.42736564118782     
   2.37224221787796     
   1.10877369076100     
   4.43329177180399     
   1.78108390389643     
  -3.59881118014613     
   3.14161625394877     
   3.26723076999474     
   1.97101190376503     
  -2.12152923762918     
   3.51859922551475     
 -0.274721348561707     
  0.399530591964801     
   3.32004764398312     
  -2.17605833666131     
 -0.639850585148432     
  0.523903252766168     
  -3.01293240007116     
   2.94416776836784     
 -2.746406340888770E-002
   1.75317568615493     
   1.14790338136948     
   1.08414904233223     
   1.34284454736306     
   1.55356513959749     
  -5.24778292121859     
  0.271809435710522     
   2.31660283679529     
 -0.564127709226926     
 -0.909769140151408     
  0.845765784170449     
  0.849298767666243     
   3.35650223805531     
  -2.25238993815018     
   3.58627768307491     
   4.23773454804706     
   3.52857069379140     
 -0.149015511080645     
   1.17629299113193     
   3.01600171246150     
  -1.87067863200807     
  -2.81995939482680     
   4.21449528266506     
   1.46296521190600     
  -2.24652491433824     
  -2.48890395800041     
   1.84735252912297     
  0.112228618643376     
   1.16313811342771     
  -3.02217670408250     
   3.40415294400549     
  0.808434670869306     
   3.37111483804204     
  -4.06586982426564     
   2.48300517700022     
   4.19826917541682     
   1.36497015165426     
  -2.68034239530800     
 -0.530093912524530     
   1.81021261592921     
   2.00110235656059     
 -3.909645821317399E-002
   2.35506018046429     
   3.87617999786233     
   1.15280803272535     
  -2.10118425909587     
   2.35088028115659     
   2.44161749978845     
  0.368134660882971     
  -1.82487755557002     
  0.372247993515985     
 -0.817720006128203     
   1.13354758766858     
  -1.66950708424052     
   3.00352889666090     
 -0.478185905171985     
   1.62538923890520     
  -1.06582092923666     
   3.81535365112144     
   1.50201739074628     
   2.13239988454785     
  -1.82836951954645     
   2.67425780023375     
  -1.03666430987234     
 -0.931137291462136     
  -1.73386548494545     
 -0.580434265651864     
   2.14994348264751     
   2.75561564036730     
 -0.341343555486042     
   1.50134064543594     
   1.34737919489133     
   4.69970743254784     
  4.957125242856411E-003
   1.61917492281040     
   2.05136130089349     
  0.471407946372025     
  -2.28676040201029     
   3.25520965795891     
   3.14587981469103     
   2.80375321369364     
  -2.50896265077167     
  0.100210824490806     
   1.64995170744588     
   4.22498067856439     
  0.824432840262057     
  0.725661768399608     
   2.02513549110655     
   1.94561732184221     
  -4.57220036997524     
   3.61147200822671     
 -0.402672908142937     
 -0.563801914471200     
  -3.15154517551326     
  0.909248942095700     
   2.15933156643495     
   1.06680432595915     
  -1.00208685390091     
 -2.239154264894656E-002
   1.79148875248039     
 -0.896829058093105     
 -0.961955464298980     
 -0.107135630351816     
   3.42227527617605     
   3.96250241472700     
  -1.40906335212314     
   1.64029323620198     
   3.13189768343209     
  -1.53758361886162     
  -2.36125566872055     
   4.09253218466637     
 -0.648190066646979     
   2.10165414865312     
 -0.886363592803557     
   3.13031356517105     
   2.07700535682761     
 -0.159647917070085     
  -4.24602258705367     
   1.23150909921478     
   1.57371707736411     
   1.56689233035360     
  0.330066585698817     
   3.88418456321784     
  -1.89031685810962     
   1.76403149397506     
 -0.466070811115253     
   1.33093736919743     
   3.11138637174163     
   5.32933406675440     
   1.52908389103493     
 -0.198728103682808     
  0.970068383898333     
  0.323038347227352     
  -1.99122222344945     
   1.64655777461390     
  0.669028857505630     
   3.12349949790185     
 -0.522998301164748     
   2.72767389630282     
  0.357528036874379     
   3.13179424757819     
   1.25948701520017     
  0.791924417013011     
  -2.17883960485075     
   4.86438022982592     
 -0.558254085991058     
   2.57338316976003     
   3.56144209156790     
   3.00297973650122     
  -1.90602658799581     
 -0.305864694375249     
  -1.27522547963683     
  -2.89076612735919     
  -3.74058454421443     
   2.15005031436239     
  -1.93354664672154     
 -0.755163292581011     
  -2.83556317115785     
  0.605499692943640     
   1.60504501075353     
  0.341309303517936     
  -2.66223930654734     
  -1.10629096328453     
   3.96864879922054     
   3.80157941000710     
  -4.48099044731248     
  0.303655978118128     
  0.790607548165027     
   4.03627882017317     
 -0.325103175311220     
   1.41164273987389     
  -1.13794921307401     
  0.287205062089560     
  -3.14889752647575     
   1.58356259226331     
  0.672972579555645     
  -2.55009162313167     
   1.45147133354879     
 -9.101529499181980E-002
   3.14386528523857     
   2.78752089241553     
  -1.76678165406057     
  -2.01236853914691     
   2.46834694035932     
  -1.25324077092514     
  -2.12017605880420     
   2.18611745915492     
   2.60544018925945     
   4.13184422381451     
  -4.56895678501614     
 -0.322795623580306     
   3.48013021740657     
   2.26251563027183     
 -0.375213090427205     
   4.91089764373211     
  -1.53057179776530     
   4.84627340457041     
  -3.67126505021658     
   2.65799362785409     
   3.35737033196132     
   2.28054752865464     
  -1.18689429199674     
   2.55104847384198     
   3.33823662276634     
 -0.867428336316958     
 -0.767251317368222     
  8.202617856653734E-002
   1.69892456133179     
   1.83740638176158     
   1.61140355269463     
 -0.797936384828926     
  -2.32769610873168     
   2.87901472114132     
  -2.07828311324532     
  -3.49202105103600     
   1.60580884243775     
   2.96824653245393     
   2.29456752132317     
   1.63980037083578     
  0.440290657571434     
   4.18849150618371     
  -2.26816345542423     
   2.06469033852628     
   1.02259696734636     
   4.40049621972871     
   1.49063016653462     
   2.41112961605524     
   3.08857131826130     
 -0.606032211269995     
  -3.05346622226462     
   3.32736585806933     
  -1.16410000445346     
 -0.188351767101816     
  -1.87396247859554     
   2.06431585393822     
 -0.150267763051608     
 -0.277464603184510     
  -2.53432000440476     
   1.28129580962428     
   3.55509416755547     
   3.77679632714701     
  -1.64760286002462     
 -0.329147013072414     
   3.27608927782720     
  -1.89258237811394     
 -0.758504680982788     
   1.97396691459386     
   2.34703182404346     
   2.85442001395865     
   1.34534975209988     
   1.07912210191031     
  0.213933056353357     
   2.18195121763689     
  -2.99737174563733     
   2.76758772368203     
  -2.33424045054066     
   4.32197801367146     
  0.387091729645724     
  -2.68238782834026     
   2.81826692104890     
   3.71958429627926     
  -2.26058617132502     
   2.09911385463861     
   1.48838517827378     
   1.59338757306068     
  -3.30795270513601     
   2.83052192467912     
   5.60177716457440     
  0.176917952414381     
  -1.07285385636360     
   2.79069380432570     
   1.64741907228813     
 -0.609811393122135     
  0.743409615007405     
  0.566550651656274     
  -1.58221477533509     
   1.54645788703179     
   1.31049354949985     
   3.19271121713958     
 -0.711214936654784     
 -0.966778270008417     
  -1.97968967820292     
   2.61674559662761     
 -0.817925109951098     
   2.41816600583230     
   2.27228805391549     
   4.60211069643248     
  -2.29844315984627     
  0.597532838342462     
  -1.61616802020470     
  0.295288860997164     
   2.11580541226967     
 -0.760336711714793     
  -2.53254492836680     
  0.865286768000674     
   4.36308134886796     
   2.81990223789740     
  -1.62398188261034     
 -0.192861514783103     
   1.73198877946253     
   2.21007050085890     
 -0.707988440669784     
   1.93038015865098     
  0.422465555657507     
   5.00339551036491     
  0.744837428498708     
   2.34148399347582     
  -2.26138998137015     
   3.94278878099158     
  0.411132441870924     
 -0.238510755663406     
   1.93966892678903     
  -1.23220239036127     
  -5.24405182050988     
  0.662973049658313     
   3.59455549931251     
   2.62191316679256     
  -1.59312038791009     
   3.15873914994152     
   4.35485279348650     
   2.14634748033799     
  -4.84650605874580     
  -2.19409493431516     
   2.97062394052779     
   4.62820459067008     
  -4.00055584324058     
   4.77734555078392     
   1.60994560422771     
  0.345965206806858     
  -4.66037716979885     
  3.443897614028394E-002
   2.17287314504761     
   3.32104895324744     
   1.72581032220422     
   1.85127372527245     
   2.27209461557036     
   2.04453790525924     
  -2.10274916234065     
   5.67804552639897     
   1.40520753697058     
  0.216881180972042     
  -3.62072705070679     
   2.00397484302095     
   1.49156106814091     
   2.08730848405478     
  -2.76024252463616     
   2.64773374814420     
   3.82778953815498     
 -0.479812634033920     
 -0.864032789587649     
   2.21607678960582     
   1.07939603784171     
  0.329193549903311     
 -0.431313123890499     
   2.47862125571050     
  0.999175482309458     
   2.30189688576390     
  -1.18358497598849     
   1.97316158433275     
 -0.885528918549672     
  0.134454246097132     
  -1.85258297379804     
  0.232165049391839     
 -0.946672035910969     
   2.33653888846594     
  -3.04384546286879     
   2.35881153990626     
  0.916406540393761     
   1.47973097554070     
 -0.539226814686537     
   2.14230078237349     
   2.10898241854744     
   3.22096541799978     
 -0.730024729943212     
   1.51025084421120     
   4.54391497900006     
   1.52151730709271     
  -1.25661598583341     
  -1.97925539802599     
   3.04807307288689     
  3.650082786126882E-002
  -3.28685643480089     
 -0.288661311075236     
   3.50724311264106     
   2.07538558539724     
  -3.97920811968063     
  0.134478448289827     
  0.977121133467034     
   1.66651647487504     
  -1.17175693512305     
   4.06476367386955     
   1.07876797485974     
  -1.51948383785004     
  -2.72559657208519     
   1.44499342721039     
   1.88181550191832     
 -0.538749423770689     
  -2.19487857910249     
   1.51517425725132     
   4.38324156214733     
 -0.998381703482654     
  -2.64156211061472     
   5.79814971280933     
   2.09929761889073     
   2.53915849082736     
  -1.42417751338241     
   2.46742104651777     
   4.47097363389168     
   1.38964120370791     
  -1.24927307562091     
   1.59032036772470     
  -1.37956213794073     
   4.15134459361331     
  -5.42558212451322     
   1.47592830191198     
   2.15519571465887     
   3.09459352620641     
  -3.17219107806277     
 -0.521527584448789     
   2.37920869035480     
   1.37390005564101     
   2.73658831289542     
 -0.814831433145639     
   2.98779232731402     
   2.29813216846342     
  -1.59753927700067     
 -0.505113550983839     
  0.549351634919355     
   3.16246025084733     
  -1.39468388953351     
   1.70856386457849     
   5.22187616021426     
  0.459856836115856     
 -4.861760556820498E-002
  0.521246422376137     
   1.20693265471402     
   1.11095162339568     
  -2.45667206436120     
 -0.622092197500070     
 -0.140768437188779     
   2.48349667741383     
  0.740011457061946     
  0.351662898824025     
   3.11742705825369     
 -0.461911560168444     
  -3.18478482425193     
   3.59416232524428     
  -1.28874422303598     
   2.05328299082966     
  0.594147064737824     
   2.58682919919348     
   2.32232233797410     
   2.17692729185443     
  -2.77087368921609     
   3.19100394858239     
 -0.206964088204668     
   2.21728236372883     
  -1.90101213519499     
   2.67670987725793     
   4.68331099281814     
   1.17260246916482     
  -1.14001159393423     
  -2.20501192492953     
   1.11927946613508     
   2.14642445323131     
  -2.49129210041867     
   2.06637081025608     
  0.640372546101393     
   4.01547207204893     
 -0.298385234631365     
   3.58657848692222     
   3.30003406766680     
   2.53564185334874     
  -2.70075362554205     
   2.84215393260229     
   3.69618270746197     
   1.13621892343784     
  -3.98621532227901     
   3.86595028263358     
  -2.06115679524768     
   3.10280502159430     
  -4.34223198448187     
  0.789596553506840     
  -2.06011038628556     
   2.67960858576923     
  -5.28197125850615     
  -1.56237887606398     
   1.81838181996072     
   1.97511729565269     
  -2.59495443654979     
 -0.748890690852848     
  0.267051492534533     
   1.99473881608204     
  -1.30447580193238     
   2.26234333495478     
   1.11827196384600     
   2.51722349276792     
  -3.04939278145441     
   1.02985637692507     
  0.609212348637273     
  -1.54868303829394     
 -0.140062908128241     
   3.43604289361818     
   1.45518339681536     
   1.93420229363280     
  -4.35801018424449     
  -2.33034662856065     
   4.82771246990402     
   2.42491725659532     
  -1.84925069034014     
   6.04465635791713     
   1.54009045711842     
   1.60629795432989     
  -3.26493529393871     
   2.32273363939866     
   1.99922668590869     
  -1.40539933210254     
  -1.22248234263487     
   3.92391574557611     
  -1.12151885157445     
   1.69783654102301     
 -0.419806991946281     
   1.83692425162800     
   1.18661083572566     
   2.50911723500617     
  -4.46435941410218     
   2.11368053361630     
   1.70633825106685     
   2.03958770761219     
  -2.32744678309891     
   1.99068006173910     
   5.88160370262311     
   2.24804659261097     
  -2.08731296594597     
   3.18641266394905     
   2.55325718930493     
  0.310116481164572     
 -0.597536845537109     
   3.01074490404618     
   5.98755993608613     
   2.48956773974202     
  -2.32431369671914     
   3.85901642398302     
   2.05599642045242     
   3.90937657340569     
  -3.67912174517723     
   1.40743516948681     
   2.12488712897088     
  -1.23868909818141     
  -3.76691056632312     
   1.03223553533645     
   2.41569704409095     
  0.357163636101777     
 -0.519088052169688     
  -1.36620090434028     
   1.02329448286556     
  0.510794457824505     
  -4.02060437828524     
  0.250664058746057     
   2.02062520082077     
   3.74317658109696     
  0.436472354097848     
  0.970768889114927     
   2.40370940714210     
   2.49228390040451     
  0.772920062719571     
   2.70856382594895     
   3.35768430752576     
   4.54347867731906     
 -0.222596421017355     
   2.95177635191034     
   3.20182517051212     
  -1.61353239295324     
  0.892677717971208     
 -0.859554274833584     
   4.64790703420239     
   1.88918047376135     
   3.16793553699618     
   2.14723224034428     
   1.29722528103955     
   5.34158702409037     
  -4.87774242409981     
  -3.00328967278397     
   2.74483104582112     
   1.38599097476836     
  -2.14104066238858     
   2.57810925979316     
 -0.457941292255764     
   1.39885899102259     
 -0.552172856301802     
 -0.175756038538437     
   1.61157140085492     
  0.445511905729269     
  -3.26117692591808     
 -0.501899391468932     
   2.09898004573172     
 -0.893479012192034     
  -3.55694869523199     
   3.73694439055214     
   2.86965178042852     
   2.56923828186541     
  -2.52910460676620     
   1.83313625117025     
   4.64785853583803     
  0.436925830964502     
  -2.31601737304653     
   2.92260267737314     
   2.95130427264165     
   4.52455924539227     
  -1.23090183481357     
   1.59692015852234     
   2.10066131222891     
  0.878892870088806     
  -2.68789679968160     
   3.33974533772192     
   2.89798212861838     
   3.82984335641045     
  -2.20695888216007     
   4.70438390164048     
   3.44943598920539     
  0.429515203024023     
   1.02537425479620     
   1.40166045404285     
   1.86902476019151     
   2.78612235697881     
  0.291676681655328     
   2.97815775844944     
   1.70181651073280     
  0.500854941273036     
  -4.53890098804720     
  0.520383833802386     
   1.93799351074669     
  0.826498045317350     
   1.21545900930566     
   4.14999551678345     
   1.14542785786289     
 -0.513519538246411     
  -4.35319736650013     
   1.36145351098301     
   2.77165614683707     
  0.163664418306430     
  -1.05899334620931     
  -3.04955635003745     
  -1.88924600927060     
   3.11316583096837     
  -2.14669614509211     
 -0.324802639403371     
 -0.202320107145084     
   3.41137403321799     
 -0.330918547995959     
   1.74505846604042     
 -0.547154405875017     
   3.70434126916264     
  -2.72749384830192     
   3.65014729540754     
   4.36517539035007     
 -9.081059497342830E-002
 -0.891392596807486     
   3.35151663820295     
  0.723592382810054     
   3.03429048615615     
  -1.07684195742433     
  0.533733467129648     
   3.13834704774162     
  0.433676511970613     
 -0.174940824296118     
   2.63597579084260     
   5.64637339316491     
 -0.413469471945924     
  -1.85252944514375     
   2.29907370344443     
   1.21010555168636     
   2.08982660444917     
   2.78524910956874     
  0.611906765124136     
  0.915852834554080     
   2.63202227600898     
  -1.80272606172868     
  -2.56714014590463     
   1.94716956627531     
   1.44498591230725     
  -1.93168685675880     
   2.66098886151825     
   1.51564656068121     
   1.69191518968519     
  -3.10943957734826     
   1.74552907549241     
   2.11674056777808     
   2.70573434369095     
  0.991737627335448     
   1.72361064107431     
 -0.916004208338363     
  0.882560996423744     
  -2.75886249697396     
   2.72203453421389     
   2.30543736120366     
 -0.829058932881692     
  -2.72964579412565     
  -1.04560782962655     
   2.74351521659283     
   4.53732506241737     
  -5.11729177491257     
   2.35458428973063     
   2.10618115547515     
   3.25456690684069     
  -3.38853606065958     
   2.26288292364627     
   2.42618445602419     
   1.11092829560035     
  -1.15318726954274     
 -0.457744754120201     
   2.37985545009508     
 -0.834297206516450     
  -2.44617131298218     
   1.36031372985776     
   3.18292484277476     
   1.97181729792351     
  -3.15138870227860     
   2.22051764912790     
 -0.785137004389364     
   4.48298878922411     
  -1.35460188961191     
   3.91107056558993     
  0.157262078830275     
  0.306323827233487     
  -2.83867862653943     
   2.45451597891193     
   1.11183059212820     
   1.93764104351314     
  -2.62346626076256     
 -0.167671764022180     
   2.07142458350146     
  0.589192053085904     
  -2.11780864425560     
   2.48107037900212     
  0.204847540424964     
 -6.053070466984707E-002
  -1.36043781472846     
   1.47075094470746     
   2.56120599859585     
   4.66707857604705     
 -0.524965345380314     
   1.80198843719611     
   2.41970994113589     
   1.43911685507402     
  -1.77181577348344     
   1.05491749811070     
   2.13937090439995     
  0.312196204387407     
  -3.00299661514270     
   2.60191784157161     
   2.99797009407298     
   2.36618785582864     
 -8.776962735591848E-002
   1.80045481703314     
   3.99468144101824     
  -1.82747960893381     
  -2.10799824167184     
   1.40483817905016     
   2.49957868403833     
   2.42515071415575     
  -3.12475808183353     
   1.87088618165102     
   1.14073218499946     
  -4.06306097617094     
  0.818168103457336     
   3.72074392487526     
   3.08769000382382     
  0.857225506285316     
  -3.61649721659114     
   3.25528781361744     
   3.77052414507597     
   3.26747246665724     
  -4.22134136627528     
  0.786804007327063     
   3.36522895060248     
   2.30182870330501     
  -1.56366717070640     
   3.09598762362629     
   3.18587623367420     
   1.53911894315550     
 -0.400244645856881     
   1.05485732161448     
 -0.334646142915374     
   4.32831916305337     
   1.33033020177858     
   3.57613859077593     
   1.66703870647468     
   2.08469471962637     
  -1.60327281296453     
   1.15925455469266     
  0.999302317215479     
   3.43010509066518     
  -3.74181943829787     
   1.25075234134459     
   1.06392107522560     
   2.18896118237819     
  -1.35256722182222     
 -0.466319432377904     
   1.73355299809143     
  0.547887954612782     
  -3.85393342059375     
   1.28511810504170     
   2.01590559012510     
   2.12784315457749     
  -1.06376339953567     
   2.80546593587379     
   2.03156834451820     
   1.16473847136682     
  -3.17128840056998     
   2.06862590508382     
 -0.188081861981188     
   1.26590039214960     
  -3.05875690355982     
   1.15849851657870     
   2.21398848143784     
   2.85484199586599     
 -0.446921567525712     
 -0.760675722614507     
   1.88051418270612     
   3.75575123073686     
  -2.66023199630010     
   4.03307756891994     
   1.98037474404064     
  0.870829984471779     
  -2.94513400785797     
   2.95274942811031     
   1.58463376729888     
 -0.627333363558439     
  -2.46282782783514     
   2.40236474748270     
   2.25285736677410     
   1.02302126313145     
 -0.896486778117046     
   2.77800520657919     
   1.48560529040698     
   2.31035916088576     
 -0.360714178965979     
   3.81844141017255     
   2.72590364464437     
   2.45561479738886     
  -1.99213397957179     
   3.98443869965213     
  0.465314353001697     
   1.48352582055764     
  -2.21423211871772     
   3.29983554619111     
 -0.594871883785163     
  0.290694066436361     
  -1.90202229749172     
   3.18798549621966     
 -0.488942684390767     
   3.11402231018959     
  -3.60153295446652     
  0.647961958365640     
  0.926588285009980     
   5.06198834513293     
  -4.21039857948695     
   1.20054695666733     
   1.08035508939792     
   4.45161366404045     
 -0.798161558961358     
   2.51757136047151     
  0.758803132937047     
   2.64962530927949     
  -3.40655935134066     
   2.69004585148269     
   1.62727427566760     
  0.733795338184096     
 -0.649747871374416     
   1.09814512048600     
   1.80398662305432     
   4.01073244863728     
  -1.99722245097655     
   3.35550089357676     
   2.25112456166139     
   1.85070541227994     
 -0.831329381916302     
   1.07804711903545     
  0.518545906583915     
   1.96033026145683     
  -2.53727626409880     
 -0.242531952459419     
   2.58947218756925     
   2.21031751057610     
  -1.53347406257699     
   4.65002019815321     
   1.31484974911494     
   2.18254034564196     
 -6.841595240031288E-002
   2.47773060990269     
  0.104973388134001     
   1.60535809219539     
  -2.43524149863031     
   3.83148227306794     
 -7.825128190506263E-002
   3.16565736363891     
   2.81909389649665     
  0.687972478344761     
   4.66577397672392     
 -0.809643797189453     
  -1.83044777395019     
  0.206479320058285     
  0.832860415889927     
   3.23418813621518     
   2.05885277904218     
   1.97684312463636     
   2.68035298149025     
   3.63538832839225     
  -4.22090536663661     
  3.272957870416465E-002
   1.01529421654277     
   1.22177523700413     
  -2.12557356481061     
   2.63440624307949     
   4.43283790864606     
   2.08356218721899     
  -2.96685851756895     
  0.421263128039948     
  0.734158776386197     
  0.309593570650162     
  -2.30800946908063     
   1.54177857192492     
  -1.09137484288048     
   2.92945513170970     
 -0.418363403863178     
   1.78992981204751     
 -0.815768941318701     
 -0.643736124035861     
  -1.06647598284506     
  -1.74581130969512     
   3.59306970557664     
  0.394389549738630     
  -2.78531058571152     
   3.49451930984224     
   4.50991352531614     
   1.93404674271707     
  -3.67648495603735     
   1.91289612058616     
   5.68369546976769     
  0.666961674088810     
  0.675755559316311     
   1.84070206209908     
   1.14235038686418     
   2.27344942617257     
  -2.37990804997002     
   1.49503575545666     
  -1.15503138606722     
   2.29480912687661     
  -4.08783130740506     
  -1.11692019768883     
   1.01779164034456     
 -0.382048056728343     
  0.486871706266867     
   1.87303532158909     
   2.02390657570368     
   1.52145364199975     
  -4.97006436454747     
   2.63384589329309     
 -0.279853222390797     
   2.74065408369763     
 -5.755963198891463E-002
   1.33925413983743     
   1.92894314185846     
   2.59844428015038     
  -1.11877241390014     
 -0.303737382450834     
  0.631060552386286     
   1.23940244839215     
 -0.759791818744159     
  -4.02095827301737     
  0.145878624109923     
   2.61337000826023     
  -1.14931252515585     
   2.17944859962995     
   3.01191141823352     
   3.29311924312042     
  -2.49013515908908     
   3.87880405816054     
   2.53802232725705     
 -0.151211276218456     
 -0.753801512065216     
 -0.291370793725201     
  -1.32551337361261     
   1.25965000439206     
  -1.53453825308161     
   3.91041726807712     
   2.74407551711915     
   2.55284455035150     
 -0.814139277147627     
 -6.482323662423629E-002
  0.697580091663042     
   1.11507536705951     
  -1.57224499820141     
   1.95340718695882     
   3.16884971099953     
  -3.45145850363704     
  -3.26392334065574     
   2.06470336259457     
   3.32440738810001     
   2.12009011894068     
  -1.67897901998541     
  0.461141218253741     
   4.01473975309436     
   2.90293167825402     
 -0.346475744248438     
  0.392224535817170     
  0.283709322545419     
  -1.12203309686223     
 -0.891838153623117     
   2.46828453644732     
   1.78481111177440     
   1.64453704315600     
   4.01758151551291     
   3.54497594067644     
   1.52045393884541     
   2.12395752953794     
  -4.95259578896685     
  -1.87842708627522     
   2.60961682065558     
   1.76942471298088     
  -1.15740765138670     
 -0.498999646696824     
  -2.05526351381298     
   2.48747638642757     
  -1.93777208209339     
   1.28389710517910     
   3.37541561375476     
   1.48002693699150     
  -2.23386485567959     
   1.92725656151465     
 -0.824452490660821     
   3.85510689485832     
  -2.15804372756671     
  0.980087019365715     
   2.81245489825131     
  0.129183409717968     
  -1.52117615455526     
   3.03560890128466     
  0.381194159102113     
   1.17648813430798     
   2.77236481769018     
   1.54899498261016     
   2.82604993771590     
   1.26312124359321     
  -5.18007959713964     
   1.62237545670680     
   3.15274243050954     
   4.53704502908893     
   1.32285753105834     
   1.63819486444713     
   4.54240702448529     
  0.779736447106619     
 -0.116413638482823     
 -0.171692272095669     
  0.717606202458553     
  -1.29000170797894     
  0.208672093183612     
  0.531435132663469     
   1.86857457458170     
  -1.60053439322693     
  -2.60705977039734     
   3.82451475620055     
   2.53712465084141     
 -0.166434086383013     
   1.17658787413887     
   2.29892725352085     
   1.62806223357426     
  0.668786311199170     
  -3.30104245753475     
   2.39240586111999     
 -0.957957309056703     
   1.26887521851444     
  -1.65489910576628     
   1.30013852702877     
   2.93985927584797     
  0.510451022532344     
  -1.00190995995963     
   1.15744741152212     
   1.56363908521979     
   4.71236331298380     
  -2.74723842168854     
   2.67269102627143     
   3.67001500790638     
   1.97608629790544     
  -2.22243327119798     
   1.72258124590983     
   3.44982467069665     
  -1.52047645096499     
  -3.39931860847133     
   1.23224773340657     
 -0.727657959165420     
   2.81327651597466     
 -0.849016641367130     
   5.36625428422881     
   3.52499036424700     
   1.55710583758337     
  -1.95732953648724     
   1.78039298970671     
  0.548864031913075     
  -1.86942397271009     
  -2.67089524816754     
  -1.15844972241062     
   2.52136631948998     
   1.45542974296231     
   1.40847565489955     
  0.770469379861075     
   2.81367441898669     
   1.55802496179575     
  -2.85230884743004     
   1.32143437588574     
   1.61154209117246     
   2.66107264362053     
  -3.47691477841769     
  0.405957498572384     
  0.426532202022233     
   1.91757776746058     
  -3.86654244666024     
  0.934096673266851     
   2.29458556029607     
  0.508825285718320     
  -3.82516152950294     
   2.00167066693417     
   1.49559093401329     
   2.79031225320048     
   1.01872625513349     
 -0.795519776188386     
  0.165851684276871     
 -0.132366641037599     
  -2.90668809324052     
   2.16176405485335     
   2.44866694319069     
  0.316055828796764     
  -1.83104425135590     
  0.990896250779936     
 -0.335073505552667     
   2.70159956750724     
  0.997515108142203     
   2.84473634734909     
  0.344659272582338     
   1.45380445667973     
  -2.52329662715379     
   2.40352888312298     
   1.31307457671371     
  0.881611576046197     
  -3.93904285865874     
   4.26148188099538     
 -0.313448891637453     
  0.901162389766826     
  -1.55176587337775     
   3.19897608765045     
   3.45497790938818     
 -0.609519732329921     
   1.42038499905908     
 -0.480826781910720     
  0.682037840257787     
   2.26713061532274     
  -2.27679793260022     
   1.76991087752048     
  -1.42436588278391     
   3.62001523116765     
  -1.46249622947384     
   1.98727921691286     
   2.07212487472501     
   1.90688753561471     
  -3.52061978632969     
   2.99381728346545     
   3.26645704350943     
  0.536942515717803     
  -1.75052269170554     
  0.855183009306505     
   2.38535831365214     
 -0.668541070804652     
  -1.50555528156892     
   1.53924089715936     
  0.181102949887829     
  0.166473311851795     
  -4.11795790662704     
   2.36331875533163     
   1.40257634340278     
   1.56954858509807     
  -3.52422144738552     
   2.64577606818607     
   3.90242527768420     
  0.567047948340215     
  -3.70162821603356     
   2.14060388875115     
   2.55061366859294     
   1.11150953527843     
  0.969414652672491     
   3.36311247095415     
   2.13257565798261     
   1.93122871884970     
   2.63922041667809     
  -1.68757582061744     
   5.23849103665396     
   1.71352824286892     
  -4.02089603836788     
   2.70824195952373     
 -0.745370352511190     
   2.68374409983367     
  -2.97379969238997     
   5.00136920887073     
 -0.662480438727178     
   1.85419475166019     
  -2.05165293386904     
 -0.298254927763503     
 -0.631602345151527     
  -1.16390639260563     
  -1.51539548357754     
   4.13301673001442     
   1.63732529161949     
   1.72517104042356     
   1.03547215755401     
   1.71609240127789     
   1.95533939270373     
   2.55819058616911     
  -2.90590229527542     
   3.77791453989181     
 -0.683800520120085     
   4.17510400720324     
 -0.181673155321617     
   1.69984528567945     
   4.23766729257370     
   4.33255927751275     
  0.229747957132753     
   1.03127446982992     
  0.582153615188515     
   1.92058964805137     
  -2.43011635971150     
   1.06594642212841     
 -0.486797035635906     
   4.97423379806794     
   1.66118006685505     
   2.73101754172234     
  -2.42373677902636     
   4.26568070101052     
  0.151075350573640     
  -1.64730427011451     
  7.061606395441011E-002
   2.14819629033258     
  -4.66264031167573     
   2.98491782166870     
   1.97213206444677     
   1.65994167676976     
 -0.604278263535019     
   1.05353916524412     
   3.74298200936993     
   2.85804016761124     
  -2.88026099466448     
   3.06866780721512     
   3.38551201381607     
 -7.367846124616556E-002
  -1.27233193062909     
   2.04600247978787     
  -1.80792173681339     
   3.48095417990092     
  0.803330476974915     
   2.39539198648133     
  -1.79935063487679     
   1.12676179262015     
  0.566424826889731     
   2.57438748355141     
   1.83127270450019     
  0.837001488380776     
  -1.79994049241813     
  0.722425425946460     
  0.506989077098735     
   1.41621764784750     
  -1.49370703774092     
   2.67407491840010     
   3.63640979311625     
   1.26529798261358     
  -3.30698849097788     
  0.127687087842974     
  0.525099061833785     
   2.70120112179851     
 -0.681795816916964     
   3.89116465760737     
 -0.746709736172337     
  -1.40427121148526     
  -3.49525415117990     
   1.61992987218929     
   2.00125629966230     
   2.25169823591603     
  -2.18468448947349     
   2.49288194068419     
   3.57711148241862     
  0.984713137426622     
  -4.01905723151591     
  0.545178226581424     
   4.06491658490621     
   1.64743519436475     
  -1.41636676400812     
   1.31287808025263     
   4.04432018458187     
  -1.02889880316370     
  -3.49404110466408     
   2.19974674979705     
 -0.369617513105318     
   3.94769183323063     
  -1.18091513549575     
   3.60030902304257     
  0.684645062565631     
   1.04182767523400     
  -2.85307519862570     
   2.17331756596294     
   1.91291454954412     
  0.879359506351511     
  -2.35057981156522     
   2.48386463512594     
   2.63422465956191     
   1.23401436192880     
  -4.57667047895632     
   1.06797402577757     
   1.85676826247822     
 -1.415206233384933E-002
  -1.34431872236205     
   3.07000745915552     
   2.41074115003576     
  -2.22899342613664     
  -6.54825325243548     
  -2.75479679516588     
  0.843118627718887     
   2.24576352720261     
  -4.73486039498360     
   1.52449083693703     
   2.21837121380243     
   1.32384698668664     
  0.423530123557387     
   1.40437102139730     
  0.686220288977186     
  -1.97368725642968     
  -4.94149796969865     
  0.599353433868283     
   1.96038806346979     
   2.32746898783693     
 -0.139927485092957     
   2.84793235089777     
   1.12058590482445     
   3.13349778531578     
  -3.01435962106478     
   1.15614492764424     
   4.11004594745200     
   1.01545688846631     
  8.338564837115556E-002
  0.224356665057123     
   3.24872423285922     
  0.183870073745135     
  -3.31112419274302     
   3.61835383450274     
   4.58689235042139     
   3.86831971304342     
 -0.620214149080041     
   2.50800755315350     
   2.24915404290848     
   2.84165271095994     
 -0.804745805218923     
  0.832316600735498     
   4.01881067516250     
   3.77482240695199     
  -4.21185345278397     
   3.41970146639691     
   3.99361610548296     
 -0.652553998280921     
  -1.29455942506924     
  -1.07196960671003     
 -0.636384153542139     
   2.09738033206452     
 -0.865855113917796     
   2.81261265385751     
   1.21525290854982     
   2.40526615063182     
  -3.59220500379649     
  -1.32650363452569     
   2.75061156599787     
  0.476966844384793     
   2.21610608048342     
  0.227706093350232     
   1.33567456126586     
   1.80039936872653     
  -1.69030169820379     
  -1.26778324940043     
   2.11011107347408     
   2.30617394294333     
  -2.27733106886947     
   2.60564553805835     
   3.43506191965286     
   1.49217422336978     
  -1.48315816017864     
  0.949305051882409     
   1.33244367464962     
   3.41675252177070     
  -4.14203488550360     
   2.14038786033832     
   3.44889309753019     
   1.70611447857370     
  0.172691551174606     
   1.65697581853699     
 -4.258483086890884E-002
   2.46753338953212     
  -1.93915673533660     
   4.12303929077320     
 -8.041199588322857E-002
   1.85854860900926     
  -1.55368803982362     
 -1.140847374558589E-003
  0.612923311003664     
  0.711705375004048     
  -3.98597514195340     
   2.78416088498580     
   4.60141717460028     
   3.28536349646626     
  -1.69967482021568     
 -0.722516453547165     
   1.94137167229200     
 -0.743459318378447     
  -4.30724237876859     
   3.86624896711254     
   2.60465964916203     
   1.86731420022179     
 -0.842284407934341     
   1.95347360826992     
   3.20129424961996     
 -0.461168402717981     
  -1.62918156709007     
   2.19851875310945     
   1.79958442911277     
   2.16722138892553     
 -0.597745486661069     
   2.69883046564898     
  -2.93813261196238     
  0.506015200678436     
  -4.25472807319819     
   1.54232727561976     
   3.67022900366731     
   1.60749560305278     
 -0.773533084685362     
   1.68126896265004     
   1.21000404319718     
   1.99948999694408     
   1.12218027332403     
   2.20872156355925     
   1.20528107479614     
   2.10119950974028     
  -4.38153928889579     
  0.787749058549424     
   1.21162743099023     
  0.181058840594285     
  -2.48206347910983     
  -2.04638309179858     
   3.55057718620544     
   1.92656750285432     
 -0.461285630795776     
   1.63548092997894     
   1.23567569218303     
  0.473609714735513     
  -1.69927468314704     
  0.985441115466085     
   4.66735086704626     
  -2.11502351432895     
   2.35511659440491     
   3.49605343246834     
   2.90204714886699     
  0.261785943812691     
  -2.73023872006112     
   1.31905115746499     
   1.47803011850573     
   2.24416362852008     
  -3.20748406822980     
   2.30995952775603     
   2.28767769822186     
  -1.10555996019760     
  -2.54647335634871     
 -1.344930302227631E-003
   1.27180806714536     
   3.78550716484140     
  -1.27179015903963     
   3.75752216680256     
   1.39330751697341     
   1.54442147532744     
  -1.90385920435466     
  -4.13353286665628     
   2.56668967260920     
  0.888277234376761     
  -2.92927598303674     
   4.68121095484686     
   2.09935969182924     
  -3.71578041825210     
 -0.378658713118855     
   1.94973812924669     
   1.78785016430863     
  0.675379371754630     
  -3.03820288964676     
 -0.885627098129803     
   2.61121056389620     
   2.69122825303545     
  -2.13505693793242     
  0.789152421276970     
   3.34346276251217     
   3.74075522565102     
  -4.06482961207658     
   1.20105619121276     
   1.91403785368160     
   2.42454630310350     
  -3.18086317245021     
   2.68566694065192     
   2.95954691861291     
  0.911056625974701     
  -2.61619023532997     
   2.66384547138319     
 -0.347783887115083     
  -1.59587820144586     
 -0.945510635700747     
   2.84751160772092     
   1.72590242784804     
   1.52087825376731     
   2.88716826613562     
  0.529396263725567     
   1.78352688596505     
   2.77500175013318     
  0.411513008137668     
   2.25169906476646     
   1.77485994822485     
   1.11694629906757     
  -1.27427005099032     
  -2.85897820518682     
 -0.818916829985172     
   2.62115953776301     
  -4.46261542599137     
  0.616352116909652     
   4.09022399828259     
   4.40536579667343     
  -1.22609202288093     
  0.433710399416511     
  0.777446182361164     
   2.75565395859711     
  -3.13990104177036     
   2.21903562300503     
   4.52379114704319     
   1.26694061088271     
  -2.68942942922615     
   3.09335794036042     
   3.25763485536933     
  -1.56972181924756     
  -2.21193690332476     
 -0.910792638031754     
   2.18419801757017     
   2.02376823458318     
  -2.48012184852648     
   2.56072555938175     
   2.44765673211903     
   3.70248166855942     
  -2.04415346385995     
  0.250325124565626     
   2.54017430640955     
   3.12977931199799     
  -1.24484565797471     
 -4.904148161799728E-002
   1.66170119885675     
   2.70330078706894     
  -1.64669458997953     
  0.829443814822763     
   1.07972919335242     
   2.64853628133869     
  -1.33932587954487     
  0.397433494451067     
   2.20336684185790     
   3.27072276413371     
  -3.81785101059020     
 -0.372408980363228     
   3.63469453816186     
 -6.050460352022699E-002
 -0.694477234592145     
   3.16336171021984     
   1.49380744671668     
   2.40275798419764     
  -3.25111664925267     
  -1.63613566462081     
   2.05247627291490     
   1.28088812398567     
  -2.47092271828461     
   2.44159972906741     
   1.29795093090422     
   1.95794560221898     
  -2.36747728167873     
   3.77878080154152     
  0.619457490556379     
   3.47321155217057     
  -1.63440309442134     
   2.89564801929513     
   3.11774458388394     
   6.36817497677628     
  -3.81272773962698     
   2.79031848327643     
   2.26377780572608     
   1.44100218634602     
   1.18554141286888     
   1.05904545680485     
   3.06260521403917     
   1.74612586714089     
  -3.22432183959519     
 -0.750997595905308     
   3.36481086553209     
  0.909988489484241     
  -3.28709070429212     
   4.56332759243432     
  -2.24461237710219     
 -0.495174947825329     
  -2.50226208529241     
   2.80111658368614     
   2.51813861242644     
   3.59650495918868     
  -3.08972943701861     
  0.839167545587132     
   1.84718989826957     
   5.24866372519422     
  -3.30624410317356     
   1.98119717307309     
   3.08004421822853     
   1.30444583490246     
  -2.20418924033835     
   3.64612499806612     
   2.70974454670714     
  0.822146508526519     
  -1.76741716097440     
   2.25378691370060     
   1.44920762049280     
  -2.39253762047017     
  -3.88185627138364     
   2.19824223571701     
 -0.221408147571229     
 -1.787778660865169E-002
 -0.699679320531816     
  0.176202430165268     
   2.00829080770684     
   2.98432701420094     
  -1.67376248485053     
   1.88455370678577     
   2.26387731148204     
   2.55200218192240     
  0.441285938494461     
   3.85021320851210     
   2.00349258147156     
   1.32582556668180     
  -4.03773622643471     
 -0.228398897871979     
   1.51694787302540     
   3.25624377218798     
  -2.51082439690994     
   4.33743733808149     
   3.39929832443800     
   3.27011577771649     
  0.767272303295101     
   4.60614589518413     
   3.42251667653430     
  -4.18040656064709     
  -2.23651372806824     
  -2.61524760539796     
   3.39269029252886     
   1.27479294007326     
  -1.26188655222197     
   1.70050450985007     
  -1.96863436010138     
   2.29588195273622     
  -3.08402085840243     
 -0.528923739866699     
   4.30352302043044     
   4.12146004898146     
  -3.22582181632959     
   2.11906587766807     
   1.39405795553941     
   3.07132740381067     
  -3.82848453763520     
  4.494671272321030E-002
   1.04317646813799     
   2.62158056954428     
  -2.91361728272618     
   2.76678923269032     
   1.57799699818973     
 -0.556877810536917     
 -0.637779077957702     
  0.754534953905973     
   2.70269593621304     
   2.16543217338344     
  -3.14752389242984     
  0.545196277835532     
  -1.18660955045303     
   1.98997063912084     
   1.02798691923006     
   4.20906591755200     
   3.35215675478782     
   1.72698906479638     
  -3.91232281581268     
   1.81591118707702     
   3.65591378602961     
   2.80128576482148     
  -1.98326898495728     
   4.25977806731661     
   1.21583355679334     
   1.12610495497956     
  -2.88442344892443     
   1.16003540039664     
   2.23050371887328     
   1.46404496312460     
  -1.00522563018367     
   1.83794576431678     
   2.00975533893945     
  0.757131223318625     
  -2.63629753656931     
   3.09531706531645     
   1.41231950899356     
  0.526039494033144     
  -3.48485667593310     
   1.56654101296809     
   2.73155694850837     
 -0.241827180139109     
  -1.80165869017280     
   1.27955934317443     
   1.30146702699999     
 -2.132465871288258E-002
  0.523064200330121     
   4.31221758075076     
  0.504021051831676     
   2.77410282063643     
 -0.798106422892314     
   1.96241444960548     
   1.56593191491463     
   3.75698324924420     
  -1.93171843239730     
   1.76359177894760     
  0.920149861364917     
   1.57559806428206     
  -2.35773551286490     
   2.47468289344418     
   2.66577133844243     
  -1.81097238837980     
  -1.06921403484560     
   4.20865583230207     
  0.818182517607045     
   2.57842923256429     
 -0.548579890556667     
   5.19063990690935     
   3.21863570483324     
  -2.67550764581083     
  -1.15086691251145     
  0.185284028486180     
  0.649118555601993     
  0.408002854578077     
  -2.93375544022651     
   1.29002676865293     
 -0.633094311749896     
   2.21884503060137     
  -3.25671838541512     
   1.58230484554697     
   2.70076805154802     
   3.40829215864712     
 -9.765390248976673E-002
 -0.233648189624183     
   3.23771321602854     
   2.60086471213696     
  -1.97876780437670     
  0.540674125009953     
  0.178088711969384     
   1.08809139451717     
  -4.74259550792599     
   3.07908198771707     
   2.27833459209139     
  0.233840668071930     
  6.907335933252169E-002
   1.92579534772940     
   2.27515159590628     
   4.78054754013206     
  -1.24162299966013     
   1.17866973652927     
   2.64828862850615     
   1.34250960661292     
  -2.81725169210521     
   3.79488508168062     
 -0.342490358978770     
   2.40665561379438     
  -1.29297185423023     
   4.92396818364581     
   3.07034156676311     
  0.984741159870448     
  -2.29853019981688     
  -1.49676981424346     
   2.64533200142875     
  -1.98942373520852     
  -1.54986781411769     
   4.54262948513088     
   4.77805040204466     
   1.07108320543007     
  -2.08569626434624     
   2.52642190369718     
   3.21060354711999     
  -2.61346800546655     
  -3.45037937149133     
   4.97530485766274     
   3.78702106711773     
   1.11773654118516     
  -4.34168048363004     
   1.69636631582504     
   1.58448359005911     
   4.16027986481989     
  0.646764330694800     
   2.01142564756809     
   2.96393240593487     
   1.38656695412676     
  0.200704610277108     
 -0.672438691330575     
 -1.211768843125371E-003
 -0.232706479848370     
  0.778592938304844     
   3.97857245396318     
  0.151809571130251     
  0.604302992191111     
  -4.10863288764291     
   3.10465736003079     
   2.73081142987208     
  0.711033008774930     
   2.82324508718860     
   3.78157328620885     
  0.936570668595243     
   2.89951439214653     
  -2.24577853408103     
   3.14551719742345     
  0.927696031435385     
 -0.732506822223564     
  -2.73669280018765     
   1.26207056949756     
  -3.54558461482968     
   4.40591395955107     
  -2.82939888910171     
   2.60784867769956     
  5.205667589840078E-003
   3.70504385163755     
  -2.97343589966331     
   3.74226895778681     
  0.257925292927065     
  -2.35023385535181     
  -3.53716333219367     
   3.95480801001347     
 -0.216606927102166     
   1.57093384221582     
  -4.35890763093365     
  0.883687645034711     
   2.27740336362769     
  0.298450675306492     
  -2.85023246026211     
  -1.77971471924482     
  0.209406822978611     
   3.09267969607868     
  -4.23718230243778     
  0.175152458892104     
   1.84341312865109     
  0.460151175228445     
  -1.62053497758785     
   2.38039272489207     
  -2.26437545473010     
   2.16779956036038     
  0.736450605234079     
   2.50080556923413     
  -2.19855529899332     
  -4.03269336400025     
  -1.11604454332707     
   1.17885157955067     
   1.69024625111536     
   1.62616088752518     
 -0.419071662102395     
   2.66044978966681     
   2.73447886537758     
   1.23050285595628     
   2.42238627516433     
   2.36144917676420     
 -0.373835394980797     
   1.51677680545876     
  -2.29679099831228     
   3.69579340142193     
   2.89867791232909     
   3.15067802433363     
  -3.76860088307854     
  9.833413932877733E-002
   4.93831688290825     
   2.69916700244966     
  -1.89744849491846     
 -0.266621011947881     
   2.78061683181048     
   5.62988822653069     
  -1.93263342263663     
  -1.13858891751422     
  0.416244458029931     
  0.533976249607705     
  -2.13120579029040     
 -0.395476909425571     
   3.00548587607668     
   3.09335150779355     
  -3.20784157877669     
   2.15148272743587     
 -1.684685410160498E-002
   4.25519844941466     
  -2.91971603375330     
 -0.780300755521643     
   1.43526606022844     
   2.87113907833056     
  0.925024608196455     
  0.265249931187041     
  0.994265885887665     
 -0.476609213770545     
  0.732395553734851     
   2.24561201999651     
   3.14973780881388     
   3.72843554515588     
  -2.69521876806328     
   1.76058516556972     
  -3.59967845233153     
 -0.170445675890554     
  -1.15057279347794     
   2.65708986115488     
  -2.31372359420147     
   3.56671292740087     
  0.318030281091075     
   2.31641414186155     
   4.36892674674603     
   4.16613102058857     
  -1.35237950075136     
  0.284725442283020     
   5.06677283883465     
   3.76526863813918     
  -2.56532714527020     
  0.640997844431030     
   2.59649620912998     
   2.90490575455125     
  -1.09873268425102     
  0.853300087962865     
  0.583543684356291     
 -0.615905331760558     
 -0.924460939804941     
  -1.41475437108497     
   2.68697019391522     
 -0.471687116196083     
  -1.59789493001335     
   1.56607922156785     
   1.33232489771369     
   2.30206034823126     
  -4.47865295038616     
   1.56111030620679     
   2.57281396713484     
   2.50644718150660     
  -2.12292064423492     
 -0.306228943634313     
   2.03199479852202     
   3.75123787902660     
  -3.54584980891453     
   2.51191841971477     
   3.24170726189683     
   3.89913726557595     
 -0.826974551582816     
  0.636585065265202     
   4.84052898964333     
  0.488834607466221     
  0.337078104840173     
   1.18195554317379     
  0.378829320713992     
   5.35914215573566     
  -2.11263433450015     
   1.72493487492519     
   2.13800982659185     
  0.321761235512832     
   2.34161508757381     
   5.39218960501306     
  0.827358606325674     
   2.50903801930825     
  -1.79415486386634     
 -0.346642727010875     
  0.321495936534992     
   1.76624151900274     
  -2.04135991617597     
   3.29268916434489     
   3.09876732255780     
   2.85400217608949     
  -1.10443227508191     
  0.654278773152134     
 -1.474791902469851E-003
 -0.747965767679086     
  -2.25932734747481     
 -0.206924629853238     
  -3.27226090487017     
   1.70923304263213     
 -0.905669123112330     
   1.80954449635481     
   1.05692716668572     
