   1.00000000000000                1          16
 (1.00000000000000,0.000000000000000E+000)
  -1.57079632679490       -1.57079632679490     
 (0.500427121735812,8.813275047545950E-017)
  -1.57079632679490       0.000000000000000E+000
 (0.323183508103779,3.781867018964890E-016)
  -1.57079632679490        1.57079632679490     
 (0.499422147403982,3.330669073875470E-016)
  -1.57079632679490        3.14159265358979     
 (0.676776677294125,-2.442679769850091E-016)
  0.000000000000000E+000  -1.57079632679490     
 (0.323094622905517,1.224670784560437E-016)
  0.000000000000000E+000  0.000000000000000E+000
 (16.1305719376674,0.000000000000000E+000)
  0.000000000000000E+000   1.57079632679490     
 (0.323094622905517,-1.224670784560437E-016)
  0.000000000000000E+000   3.14159265358979     
 (0.494448383100209,9.784212165030889E-016)
   1.57079632679490       -1.57079632679490     
 (0.499422147403982,-3.330669073875470E-016)
   1.57079632679490       0.000000000000000E+000
 (0.323183508103779,-3.781867018964890E-016)
   1.57079632679490        1.57079632679490     
 (0.500427121735812,-8.813275047545950E-017)
   1.57079632679490        3.14159265358979     
 (0.676776677294126,1.984888730108969E-016)
   3.14159265358979       -1.57079632679490     
 (0.676866849392165,6.546890387815658E-016)
   3.14159265358979       0.000000000000000E+000
 (0.494573766390809,9.784180087180093E-016)
   3.14159265358979        1.57079632679490     
 (0.676866849392165,-7.004681427556782E-016)
   3.14159265358979        3.14159265358979     
 (0.880864059170863,2.661354323464684E-018)
   1.00000000000000                1          16
 (1.00000000000000,0.000000000000000E+000)
  -1.57079632679490       -1.57079632679490     
 (0.501917092189195,8.811793468324904E-017)
  -1.57079632679490       0.000000000000000E+000
 (0.323132829135168,1.155360828340187E-015)
  -1.57079632679490        1.57079632679490     
 (0.497482906300930,1.110223024625157E-016)
  -1.57079632679490        3.14159265358979     
 (0.676707487611599,8.881577092759916E-017)
  0.000000000000000E+000  -1.57079632679490     
 (0.322635037285005,4.555413937396959E-016)
  0.000000000000000E+000  0.000000000000000E+000
 (16.1519101288134,0.000000000000000E+000)
  0.000000000000000E+000   1.57079632679490     
 (0.322635037285005,-4.555413937396959E-016)
  0.000000000000000E+000   3.14159265358979     
 (0.473066751836762,9.784748395689603E-016)
   1.57079632679490       -1.57079632679490     
 (0.497482906300930,-1.110223024625157E-016)
   1.57079632679490       0.000000000000000E+000
 (0.323132829135168,-1.155360828340187E-015)
   1.57079632679490        1.57079632679490     
 (0.501917092189195,-8.811793468324904E-017)
   1.57079632679490        3.14159265358979     
 (0.676707487611599,-1.346245064861324E-016)
   3.14159265358979       -1.57079632679490     
 (0.677204343415018,9.957011857288235E-017)
   3.14159265358979       0.000000000000000E+000
 (0.473722442617957,9.784540271301866E-016)
   3.14159265358979        1.57079632679490     
 (0.677204343415018,-1.453788541314155E-016)
   3.14159265358979        3.14159265358979     
 (0.903141284858069,2.770647171291941E-018)
   1.00000000000000                1          16
 (1.00000000000000,0.000000000000000E+000)
  -1.57079632679490       -1.57079632679490     
 (0.501906745319209,1.991403764220799E-016)
  -1.57079632679490       0.000000000000000E+000
 (0.323145281591936,9.333163357681005E-016)
  -1.57079632679490        1.57079632679490     
 (0.497496927091956,2.220446049250313E-016)
  -1.57079632679490        3.14159265358979     
 (0.676697586466162,7.549490921642037E-016)
  0.000000000000000E+000  -1.57079632679490     
 (0.322629764390933,5.665636265640540E-016)
  0.000000000000000E+000  0.000000000000000E+000
 (16.1518385531643,0.000000000000000E+000)
  0.000000000000000E+000   1.57079632679490     
 (0.322629764390933,-5.665636265640540E-016)
  0.000000000000000E+000   3.14159265358979     
 (0.473133785186960,9.784752071766587E-016)
   1.57079632679490       -1.57079632679490     
 (0.497496927091956,-2.220446049250313E-016)
   1.57079632679490       0.000000000000000E+000
 (0.323145281591936,-9.333163357681005E-016)
   1.57079632679490        1.57079632679490     
 (0.501906745319209,-1.991403764220799E-016)
   1.57079632679490        3.14159265358979     
 (0.676697586466163,-8.007575491701067E-016)
   3.14159265358979       -1.57079632679490     
 (0.677209339552599,4.326370955985869E-016)
   3.14159265358979       0.000000000000000E+000
 (0.473822592906176,9.784542518360757E-016)
   3.14159265358979        1.57079632679490     
 (0.677209339552599,-4.784455526044897E-016)
   3.14159265358979        3.14159265358979     
 (0.903033779916924,2.768319348685228E-018)
   1.00000000000000                1          16
 (1.00000000000000,0.000000000000000E+000)
  -1.57079632679490       -1.57079632679490     
 (0.501906745319209,1.991403764220799E-016)
  -1.57079632679490       0.000000000000000E+000
 (0.323145281591936,9.333163357681005E-016)
  -1.57079632679490        1.57079632679490     
 (0.497496927091956,2.220446049250313E-016)
  -1.57079632679490        3.14159265358979     
 (0.676697586466162,7.549490921642037E-016)
  0.000000000000000E+000  -1.57079632679490     
 (0.322629764390933,5.665636265640540E-016)
  0.000000000000000E+000  0.000000000000000E+000
 (16.1518385531643,0.000000000000000E+000)
  0.000000000000000E+000   1.57079632679490     
 (0.322629764390933,-5.665636265640540E-016)
  0.000000000000000E+000   3.14159265358979     
 (0.473133785186960,9.784752071766587E-016)
   1.57079632679490       -1.57079632679490     
 (0.497496927091956,-2.220446049250313E-016)
   1.57079632679490       0.000000000000000E+000
 (0.323145281591936,-9.333163357681005E-016)
   1.57079632679490        1.57079632679490     
 (0.501906745319209,-1.991403764220799E-016)
   1.57079632679490        3.14159265358979     
 (0.676697586466163,-8.007575491701067E-016)
   3.14159265358979       -1.57079632679490     
 (0.677209339552599,4.326370955985869E-016)
   3.14159265358979       0.000000000000000E+000
 (0.473822592906176,9.784542518360757E-016)
   3.14159265358979        1.57079632679490     
 (0.677209339552599,-4.784455526044897E-016)
   3.14159265358979        3.14159265358979     
 (0.903033779916924,2.768319348685228E-018)
   1.00000000000000                1          16
 (1.00000000000000,0.000000000000000E+000)
  -1.57079632679490       -1.57079632679490     
 (0.501906745319209,1.991403764220799E-016)
  -1.57079632679490       0.000000000000000E+000
 (0.323145281591936,9.333163357681005E-016)
  -1.57079632679490        1.57079632679490     
 (0.497496927091956,2.220446049250313E-016)
  -1.57079632679490        3.14159265358979     
 (0.676697586466162,7.549490921642037E-016)
  0.000000000000000E+000  -1.57079632679490     
 (0.322629764390933,5.665636265640540E-016)
  0.000000000000000E+000  0.000000000000000E+000
 (16.1518385531643,0.000000000000000E+000)
  0.000000000000000E+000   1.57079632679490     
 (0.322629764390933,-5.665636265640540E-016)
  0.000000000000000E+000   3.14159265358979     
 (0.473133785186960,9.784752071766587E-016)
   1.57079632679490       -1.57079632679490     
 (0.497496927091956,-2.220446049250313E-016)
   1.57079632679490       0.000000000000000E+000
 (0.323145281591936,-9.333163357681005E-016)
   1.57079632679490        1.57079632679490     
 (0.501906745319209,-1.991403764220799E-016)
   1.57079632679490        3.14159265358979     
 (0.676697586466163,-8.007575491701067E-016)
   3.14159265358979       -1.57079632679490     
 (0.677209339552599,4.326370955985869E-016)
   3.14159265358979       0.000000000000000E+000
 (0.473822592906176,9.784542518360757E-016)
   3.14159265358979        1.57079632679490     
 (0.677209339552599,-4.784455526044897E-016)
   3.14159265358979        3.14159265358979     
 (0.903033779916924,2.768319348685228E-018)
   1.00000000000000                1          16
 (1.00000000000000,0.000000000000000E+000)
  -1.57079632679490       -1.57079632679490     
 (0.501906745319209,1.991403764220799E-016)
  -1.57079632679490       0.000000000000000E+000
 (0.323145281591936,9.333163357681005E-016)
  -1.57079632679490        1.57079632679490     
 (0.497496927091956,2.220446049250313E-016)
  -1.57079632679490        3.14159265358979     
 (0.676697586466162,7.549490921642037E-016)
  0.000000000000000E+000  -1.57079632679490     
 (0.322629764390933,5.665636265640540E-016)
  0.000000000000000E+000  0.000000000000000E+000
 (16.1518385531643,0.000000000000000E+000)
  0.000000000000000E+000   1.57079632679490     
 (0.322629764390933,-5.665636265640540E-016)
  0.000000000000000E+000   3.14159265358979     
 (0.473133785186960,9.784752071766587E-016)
   1.57079632679490       -1.57079632679490     
 (0.497496927091956,-2.220446049250313E-016)
   1.57079632679490       0.000000000000000E+000
 (0.323145281591936,-9.333163357681005E-016)
   1.57079632679490        1.57079632679490     
 (0.501906745319209,-1.991403764220799E-016)
   1.57079632679490        3.14159265358979     
 (0.676697586466163,-8.007575491701067E-016)
   3.14159265358979       -1.57079632679490     
 (0.677209339552599,4.326370955985869E-016)
   3.14159265358979       0.000000000000000E+000
 (0.473822592906176,9.784542518360757E-016)
   3.14159265358979        1.57079632679490     
 (0.677209339552599,-4.784455526044897E-016)
   3.14159265358979        3.14159265358979     
 (0.903033779916924,2.768319348685228E-018)
   1.00000000000000                1          16
 (1.00000000000000,0.000000000000000E+000)
  -1.57079632679490       -1.57079632679490     
 (0.500000000000000,-2.288475490443933E-017)
  -1.57079632679490       0.000000000000000E+000
 (0.500000000000000,4.898587196589413E-016)
  -1.57079632679490        1.57079632679490     
 (0.500000000000000,0.000000000000000E+000)
  -1.57079632679490        3.14159265358979     
 (0.500000000000000,-2.288475490443933E-017)
  0.000000000000000E+000  -1.57079632679490     
 (0.500000000000000,4.555315873022823E-016)
  0.000000000000000E+000  0.000000000000000E+000
 (16.5000000000000,0.000000000000000E+000)
  0.000000000000000E+000   1.57079632679490     
 (0.500000000000000,-4.555315873022823E-016)
  0.000000000000000E+000   3.14159265358979     
 (0.500000000000000,9.797174393178826E-016)
   1.57079632679490       -1.57079632679490     
 (0.500000000000000,0.000000000000000E+000)
   1.57079632679490       0.000000000000000E+000
 (0.500000000000000,-4.898587196589413E-016)
   1.57079632679490        1.57079632679490     
 (0.500000000000000,2.288475490443933E-017)
   1.57079632679490        3.14159265358979     
 (0.500000000000000,-2.288475490443928E-017)
   3.14159265358979       -1.57079632679490     
 (0.500000000000000,9.957992501029599E-017)
   3.14159265358979       0.000000000000000E+000
 (0.500000000000000,9.797174393178826E-016)
   3.14159265358979        1.57079632679490     
 (0.500000000000000,-3.673940397442059E-016)
   3.14159265358979        3.14159265358979     
 (0.500000000000000,9.860761315262648E-032)
