   1.00000000000000                1          16
 (0.000000000000000E+000,0.000000000000000E+000)
  -1.57079632679490       -1.57079632679490     
 (1.00000000000000,2.283329775254469E-016)
  -1.57079632679490       0.000000000000000E+000
 (0.997304820713879,-0.149311935299269)
  -1.57079632679490        1.57079632679490     
 (1.00000000000000,3.822896860183889E-016)
  -1.57079632679490        3.14159265358979     
 (1.00269517928611,0.149311935299271)
  0.000000000000000E+000  -1.57079632679490     
 (1.70739345374456,-6.316319502264840E-007)
  0.000000000000000E+000  0.000000000000000E+000
 (2.00021383063896,0.000000000000000E+000)
  0.000000000000000E+000   1.57079632679490     
 (1.70739345374456,6.316319502264840E-007)
  0.000000000000000E+000   3.14159265358979     
 (2.00021270187591,3.586016196468670E-017)
   1.57079632679490       -1.57079632679490     
 (1.00000000000000,-3.822896860183889E-016)
   1.57079632679490       0.000000000000000E+000
 (0.997304820713879,0.149311935299269)
   1.57079632679490        1.57079632679490     
 (1.00000000000000,-2.283329775254469E-016)
   1.57079632679490        3.14159265358979     
 (1.00269517928611,-0.149311935299271)
   3.14159265358979       -1.57079632679490     
 (0.292606546255441,6.316319500147393E-007)
   3.14159265358979       0.000000000000000E+000
 (-2.127018759076577E-004,1.861557174926519E-017)
   3.14159265358979        1.57079632679490     
 (0.292606546255441,-6.316319500176667E-007)
   3.14159265358979        3.14159265358979     
 (-2.138306389635361E-004,-5.447573371395116E-017)
   1.00000000000000                1          16
 (0.000000000000000E+000,0.000000000000000E+000)
  -1.57079632679490       -1.57079632679490     
 (1.00000000000000,-4.193694003173936E-016)
  -1.57079632679490       0.000000000000000E+000
 (0.985581817069117,-0.328200568575772)
  -1.57079632679490        1.57079632679490     
 (1.00000000000000,2.112025832001763E-016)
  -1.57079632679490        3.14159265358979     
 (1.01441818293087,0.328200568575773)
  0.000000000000000E+000  -1.57079632679490     
 (1.70852881708581,3.272720266204662E-006)
  0.000000000000000E+000  0.000000000000000E+000
 (2.00085300367717,0.000000000000000E+000)
  0.000000000000000E+000   1.57079632679490     
 (1.70852881708581,-3.272720266204662E-006)
  0.000000000000000E+000   3.14159265358979     
 (2.00084281376482,3.579836319742929E-017)
   1.57079632679490       -1.57079632679490     
 (1.00000000000000,-2.112025832001763E-016)
   1.57079632679490       0.000000000000000E+000
 (0.985581817069117,0.328200568575772)
   1.57079632679490        1.57079632679490     
 (1.00000000000000,4.193694003173936E-016)
   1.57079632679490        3.14159265358979     
 (1.01441818293087,-0.328200568575773)
   3.14159265358979       -1.57079632679490     
 (0.291471182914193,-3.272720267299706E-006)
   3.14159265358979       0.000000000000000E+000
 (-8.428137648077962E-004,4.195931968822694E-017)
   3.14159265358979        1.57079632679490     
 (0.291471182914193,3.272720267303610E-006)
   3.14159265358979        3.14159265358979     
 (-8.530036771794469E-004,-7.775768288565499E-017)
   1.00000000000000                1          16
 (0.000000000000000E+000,0.000000000000000E+000)
  -1.57079632679490       -1.57079632679490     
 (1.00000000000000,-9.688430613330474E-016)
  -1.57079632679490       0.000000000000000E+000
 (0.987578513473268,-0.327751099469676)
  -1.57079632679490        1.57079632679490     
 (1.00000000000000,-2.662800535624399E-016)
  -1.57079632679490        3.14159265358979     
 (1.01242148652672,0.327751099469678)
  0.000000000000000E+000  -1.57079632679490     
 (1.70856136824156,2.722152100737962E-006)
  0.000000000000000E+000  0.000000000000000E+000
 (2.00084716986418,0.000000000000000E+000)
  0.000000000000000E+000   1.57079632679490     
 (1.70856136824156,-2.722152100737962E-006)
  0.000000000000000E+000   3.14159265358979     
 (2.00084267292007,3.579407841343951E-017)
   1.57079632679490       -1.57079632679490     
 (1.00000000000000,2.662800535624399E-016)
   1.57079632679490       0.000000000000000E+000
 (0.987578513473268,0.327751099469676)
   1.57079632679490        1.57079632679490     
 (1.00000000000000,9.688430613330474E-016)
   1.57079632679490        3.14159265358979     
 (1.01242148652672,-0.327751099469678)
   3.14159265358979       -1.57079632679490     
 (0.291438631758442,-2.722152102496538E-006)
   3.14159265358979       0.000000000000000E+000
 (-8.426729200614725E-004,4.165940221822898E-017)
   3.14159265358979        1.57079632679490     
 (0.291438631758442,2.722152102500441E-006)
   3.14159265358979        3.14159265358979     
 (-8.471698641837004E-004,-7.745348063166708E-017)
   1.00000000000000                1          16
 (0.000000000000000E+000,0.000000000000000E+000)
  -1.57079632679490       -1.57079632679490     
 (1.00000000000000,-9.688430613330474E-016)
  -1.57079632679490       0.000000000000000E+000
 (0.987578513473268,-0.327751099469676)
  -1.57079632679490        1.57079632679490     
 (1.00000000000000,-2.662800535624399E-016)
  -1.57079632679490        3.14159265358979     
 (1.01242148652672,0.327751099469678)
  0.000000000000000E+000  -1.57079632679490     
 (1.70856136824156,2.722152100737962E-006)
  0.000000000000000E+000  0.000000000000000E+000
 (2.00084716986418,0.000000000000000E+000)
  0.000000000000000E+000   1.57079632679490     
 (1.70856136824156,-2.722152100737962E-006)
  0.000000000000000E+000   3.14159265358979     
 (2.00084267292007,3.579407841343951E-017)
   1.57079632679490       -1.57079632679490     
 (1.00000000000000,2.662800535624399E-016)
   1.57079632679490       0.000000000000000E+000
 (0.987578513473268,0.327751099469676)
   1.57079632679490        1.57079632679490     
 (1.00000000000000,9.688430613330474E-016)
   1.57079632679490        3.14159265358979     
 (1.01242148652672,-0.327751099469678)
   3.14159265358979       -1.57079632679490     
 (0.291438631758442,-2.722152102496538E-006)
   3.14159265358979       0.000000000000000E+000
 (-8.426729200614725E-004,4.165940221822898E-017)
   3.14159265358979        1.57079632679490     
 (0.291438631758442,2.722152102500441E-006)
   3.14159265358979        3.14159265358979     
 (-8.471698641837004E-004,-7.745348063166708E-017)
   1.00000000000000                1          16
 (0.000000000000000E+000,0.000000000000000E+000)
  -1.57079632679490       -1.57079632679490     
 (1.00000000000000,-9.688430613330474E-016)
  -1.57079632679490       0.000000000000000E+000
 (0.987578513473268,-0.327751099469676)
  -1.57079632679490        1.57079632679490     
 (1.00000000000000,-2.662800535624399E-016)
  -1.57079632679490        3.14159265358979     
 (1.01242148652672,0.327751099469678)
  0.000000000000000E+000  -1.57079632679490     
 (1.70856136824156,2.722152100737962E-006)
  0.000000000000000E+000  0.000000000000000E+000
 (2.00084716986418,0.000000000000000E+000)
  0.000000000000000E+000   1.57079632679490     
 (1.70856136824156,-2.722152100737962E-006)
  0.000000000000000E+000   3.14159265358979     
 (2.00084267292007,3.579407841343951E-017)
   1.57079632679490       -1.57079632679490     
 (1.00000000000000,2.662800535624399E-016)
   1.57079632679490       0.000000000000000E+000
 (0.987578513473268,0.327751099469676)
   1.57079632679490        1.57079632679490     
 (1.00000000000000,9.688430613330474E-016)
   1.57079632679490        3.14159265358979     
 (1.01242148652672,-0.327751099469678)
   3.14159265358979       -1.57079632679490     
 (0.291438631758442,-2.722152102496538E-006)
   3.14159265358979       0.000000000000000E+000
 (-8.426729200614725E-004,4.165940221822898E-017)
   3.14159265358979        1.57079632679490     
 (0.291438631758442,2.722152102500441E-006)
   3.14159265358979        3.14159265358979     
 (-8.471698641837004E-004,-7.745348063166708E-017)
   1.00000000000000                1          16
 (0.000000000000000E+000,0.000000000000000E+000)
  -1.57079632679490       -1.57079632679490     
 (1.00000000000000,-9.688430613330474E-016)
  -1.57079632679490       0.000000000000000E+000
 (0.987578513473268,-0.327751099469676)
  -1.57079632679490        1.57079632679490     
 (1.00000000000000,-2.662800535624399E-016)
  -1.57079632679490        3.14159265358979     
 (1.01242148652672,0.327751099469678)
  0.000000000000000E+000  -1.57079632679490     
 (1.70856136824156,2.722152100737962E-006)
  0.000000000000000E+000  0.000000000000000E+000
 (2.00084716986418,0.000000000000000E+000)
  0.000000000000000E+000   1.57079632679490     
 (1.70856136824156,-2.722152100737962E-006)
  0.000000000000000E+000   3.14159265358979     
 (2.00084267292007,3.579407841343951E-017)
   1.57079632679490       -1.57079632679490     
 (1.00000000000000,2.662800535624399E-016)
   1.57079632679490       0.000000000000000E+000
 (0.987578513473268,0.327751099469676)
   1.57079632679490        1.57079632679490     
 (1.00000000000000,9.688430613330474E-016)
   1.57079632679490        3.14159265358979     
 (1.01242148652672,-0.327751099469678)
   3.14159265358979       -1.57079632679490     
 (0.291438631758442,-2.722152102496538E-006)
   3.14159265358979       0.000000000000000E+000
 (-8.426729200614725E-004,4.165940221822898E-017)
   3.14159265358979        1.57079632679490     
 (0.291438631758442,2.722152102500441E-006)
   3.14159265358979        3.14159265358979     
 (-8.471698641837004E-004,-7.745348063166708E-017)
   1.00000000000000                1          16
 (0.000000000000000E+000,0.000000000000000E+000)
  -1.57079632679490       -1.57079632679490     
 (1.00000000000000,0.000000000000000E+000)
  -1.57079632679490       0.000000000000000E+000
 (1.00000000000000,0.000000000000000E+000)
  -1.57079632679490        1.57079632679490     
 (1.00000000000000,0.000000000000000E+000)
  -1.57079632679490        3.14159265358979     
 (1.00000000000000,0.000000000000000E+000)
  0.000000000000000E+000  -1.57079632679490     
 (1.00000000000000,0.000000000000000E+000)
  0.000000000000000E+000  0.000000000000000E+000
 (1.00000000000000,0.000000000000000E+000)
  0.000000000000000E+000   1.57079632679490     
 (1.00000000000000,0.000000000000000E+000)
  0.000000000000000E+000   3.14159265358979     
 (1.00000000000000,0.000000000000000E+000)
   1.57079632679490       -1.57079632679490     
 (1.00000000000000,0.000000000000000E+000)
   1.57079632679490       0.000000000000000E+000
 (1.00000000000000,0.000000000000000E+000)
   1.57079632679490        1.57079632679490     
 (1.00000000000000,0.000000000000000E+000)
   1.57079632679490        3.14159265358979     
 (1.00000000000000,0.000000000000000E+000)
   3.14159265358979       -1.57079632679490     
 (1.00000000000000,0.000000000000000E+000)
   3.14159265358979       0.000000000000000E+000
 (1.00000000000000,0.000000000000000E+000)
   3.14159265358979        1.57079632679490     
 (1.00000000000000,0.000000000000000E+000)
   3.14159265358979        3.14159265358979     
 (1.00000000000000,0.000000000000000E+000)
