   1.00000000000000                1          16
 (0.000000000000000E+000,0.000000000000000E+000)
  -1.57079632679490       -1.57079632679490     
 (0.000000000000000E+000,0.000000000000000E+000)
  -1.57079632679490       0.000000000000000E+000
 (0.000000000000000E+000,0.000000000000000E+000)
  -1.57079632679490        1.57079632679490     
 (0.000000000000000E+000,0.000000000000000E+000)
  -1.57079632679490        3.14159265358979     
 (0.000000000000000E+000,0.000000000000000E+000)
  0.000000000000000E+000  -1.57079632679490     
 (0.000000000000000E+000,0.000000000000000E+000)
  0.000000000000000E+000  0.000000000000000E+000
 (0.000000000000000E+000,0.000000000000000E+000)
  0.000000000000000E+000   1.57079632679490     
 (0.000000000000000E+000,0.000000000000000E+000)
  0.000000000000000E+000   3.14159265358979     
 (0.000000000000000E+000,0.000000000000000E+000)
   1.57079632679490       -1.57079632679490     
 (0.000000000000000E+000,0.000000000000000E+000)
   1.57079632679490       0.000000000000000E+000
 (0.000000000000000E+000,0.000000000000000E+000)
   1.57079632679490        1.57079632679490     
 (0.000000000000000E+000,0.000000000000000E+000)
   1.57079632679490        3.14159265358979     
 (0.000000000000000E+000,0.000000000000000E+000)
   3.14159265358979       -1.57079632679490     
 (0.000000000000000E+000,0.000000000000000E+000)
   3.14159265358979       0.000000000000000E+000
 (0.000000000000000E+000,0.000000000000000E+000)
   3.14159265358979        1.57079632679490     
 (0.000000000000000E+000,0.000000000000000E+000)
   3.14159265358979        3.14159265358979     
 (0.000000000000000E+000,0.000000000000000E+000)
   1.00000000000000                1          16
 (0.000000000000000E+000,0.000000000000000E+000)
  -1.57079632679490       -1.57079632679490     
 (0.000000000000000E+000,0.000000000000000E+000)
  -1.57079632679490       0.000000000000000E+000
 (0.000000000000000E+000,0.000000000000000E+000)
  -1.57079632679490        1.57079632679490     
 (0.000000000000000E+000,0.000000000000000E+000)
  -1.57079632679490        3.14159265358979     
 (0.000000000000000E+000,0.000000000000000E+000)
  0.000000000000000E+000  -1.57079632679490     
 (0.000000000000000E+000,0.000000000000000E+000)
  0.000000000000000E+000  0.000000000000000E+000
 (0.000000000000000E+000,0.000000000000000E+000)
  0.000000000000000E+000   1.57079632679490     
 (0.000000000000000E+000,0.000000000000000E+000)
  0.000000000000000E+000   3.14159265358979     
 (0.000000000000000E+000,0.000000000000000E+000)
   1.57079632679490       -1.57079632679490     
 (0.000000000000000E+000,0.000000000000000E+000)
   1.57079632679490       0.000000000000000E+000
 (0.000000000000000E+000,0.000000000000000E+000)
   1.57079632679490        1.57079632679490     
 (0.000000000000000E+000,0.000000000000000E+000)
   1.57079632679490        3.14159265358979     
 (0.000000000000000E+000,0.000000000000000E+000)
   3.14159265358979       -1.57079632679490     
 (0.000000000000000E+000,0.000000000000000E+000)
   3.14159265358979       0.000000000000000E+000
 (0.000000000000000E+000,0.000000000000000E+000)
   3.14159265358979        1.57079632679490     
 (0.000000000000000E+000,0.000000000000000E+000)
   3.14159265358979        3.14159265358979     
 (0.000000000000000E+000,0.000000000000000E+000)
   1.00000000000000                1          16
 (0.000000000000000E+000,0.000000000000000E+000)
  -1.57079632679490       -1.57079632679490     
 (0.000000000000000E+000,0.000000000000000E+000)
  -1.57079632679490       0.000000000000000E+000
 (0.000000000000000E+000,0.000000000000000E+000)
  -1.57079632679490        1.57079632679490     
 (0.000000000000000E+000,0.000000000000000E+000)
  -1.57079632679490        3.14159265358979     
 (0.000000000000000E+000,0.000000000000000E+000)
  0.000000000000000E+000  -1.57079632679490     
 (0.000000000000000E+000,0.000000000000000E+000)
  0.000000000000000E+000  0.000000000000000E+000
 (0.000000000000000E+000,0.000000000000000E+000)
  0.000000000000000E+000   1.57079632679490     
 (0.000000000000000E+000,0.000000000000000E+000)
  0.000000000000000E+000   3.14159265358979     
 (0.000000000000000E+000,0.000000000000000E+000)
   1.57079632679490       -1.57079632679490     
 (0.000000000000000E+000,0.000000000000000E+000)
   1.57079632679490       0.000000000000000E+000
 (0.000000000000000E+000,0.000000000000000E+000)
   1.57079632679490        1.57079632679490     
 (0.000000000000000E+000,0.000000000000000E+000)
   1.57079632679490        3.14159265358979     
 (0.000000000000000E+000,0.000000000000000E+000)
   3.14159265358979       -1.57079632679490     
 (0.000000000000000E+000,0.000000000000000E+000)
   3.14159265358979       0.000000000000000E+000
 (0.000000000000000E+000,0.000000000000000E+000)
   3.14159265358979        1.57079632679490     
 (0.000000000000000E+000,0.000000000000000E+000)
   3.14159265358979        3.14159265358979     
 (0.000000000000000E+000,0.000000000000000E+000)
   1.00000000000000                1          16
 (0.000000000000000E+000,0.000000000000000E+000)
  -1.57079632679490       -1.57079632679490     
 (0.000000000000000E+000,0.000000000000000E+000)
  -1.57079632679490       0.000000000000000E+000
 (0.000000000000000E+000,0.000000000000000E+000)
  -1.57079632679490        1.57079632679490     
 (0.000000000000000E+000,0.000000000000000E+000)
  -1.57079632679490        3.14159265358979     
 (0.000000000000000E+000,0.000000000000000E+000)
  0.000000000000000E+000  -1.57079632679490     
 (0.000000000000000E+000,0.000000000000000E+000)
  0.000000000000000E+000  0.000000000000000E+000
 (0.000000000000000E+000,0.000000000000000E+000)
  0.000000000000000E+000   1.57079632679490     
 (0.000000000000000E+000,0.000000000000000E+000)
  0.000000000000000E+000   3.14159265358979     
 (0.000000000000000E+000,0.000000000000000E+000)
   1.57079632679490       -1.57079632679490     
 (0.000000000000000E+000,0.000000000000000E+000)
   1.57079632679490       0.000000000000000E+000
 (0.000000000000000E+000,0.000000000000000E+000)
   1.57079632679490        1.57079632679490     
 (0.000000000000000E+000,0.000000000000000E+000)
   1.57079632679490        3.14159265358979     
 (0.000000000000000E+000,0.000000000000000E+000)
   3.14159265358979       -1.57079632679490     
 (0.000000000000000E+000,0.000000000000000E+000)
   3.14159265358979       0.000000000000000E+000
 (0.000000000000000E+000,0.000000000000000E+000)
   3.14159265358979        1.57079632679490     
 (0.000000000000000E+000,0.000000000000000E+000)
   3.14159265358979        3.14159265358979     
 (0.000000000000000E+000,0.000000000000000E+000)
   1.00000000000000                1          16
 (0.000000000000000E+000,0.000000000000000E+000)
  -1.57079632679490       -1.57079632679490     
 (0.000000000000000E+000,0.000000000000000E+000)
  -1.57079632679490       0.000000000000000E+000
 (0.000000000000000E+000,0.000000000000000E+000)
  -1.57079632679490        1.57079632679490     
 (0.000000000000000E+000,0.000000000000000E+000)
  -1.57079632679490        3.14159265358979     
 (0.000000000000000E+000,0.000000000000000E+000)
  0.000000000000000E+000  -1.57079632679490     
 (0.000000000000000E+000,0.000000000000000E+000)
  0.000000000000000E+000  0.000000000000000E+000
 (0.000000000000000E+000,0.000000000000000E+000)
  0.000000000000000E+000   1.57079632679490     
 (0.000000000000000E+000,0.000000000000000E+000)
  0.000000000000000E+000   3.14159265358979     
 (0.000000000000000E+000,0.000000000000000E+000)
   1.57079632679490       -1.57079632679490     
 (0.000000000000000E+000,0.000000000000000E+000)
   1.57079632679490       0.000000000000000E+000
 (0.000000000000000E+000,0.000000000000000E+000)
   1.57079632679490        1.57079632679490     
 (0.000000000000000E+000,0.000000000000000E+000)
   1.57079632679490        3.14159265358979     
 (0.000000000000000E+000,0.000000000000000E+000)
   3.14159265358979       -1.57079632679490     
 (0.000000000000000E+000,0.000000000000000E+000)
   3.14159265358979       0.000000000000000E+000
 (0.000000000000000E+000,0.000000000000000E+000)
   3.14159265358979        1.57079632679490     
 (0.000000000000000E+000,0.000000000000000E+000)
   3.14159265358979        3.14159265358979     
 (0.000000000000000E+000,0.000000000000000E+000)
   1.00000000000000                1          16
 (0.000000000000000E+000,0.000000000000000E+000)
  -1.57079632679490       -1.57079632679490     
 (0.000000000000000E+000,0.000000000000000E+000)
  -1.57079632679490       0.000000000000000E+000
 (0.000000000000000E+000,0.000000000000000E+000)
  -1.57079632679490        1.57079632679490     
 (0.000000000000000E+000,0.000000000000000E+000)
  -1.57079632679490        3.14159265358979     
 (0.000000000000000E+000,0.000000000000000E+000)
  0.000000000000000E+000  -1.57079632679490     
 (0.000000000000000E+000,0.000000000000000E+000)
  0.000000000000000E+000  0.000000000000000E+000
 (0.000000000000000E+000,0.000000000000000E+000)
  0.000000000000000E+000   1.57079632679490     
 (0.000000000000000E+000,0.000000000000000E+000)
  0.000000000000000E+000   3.14159265358979     
 (0.000000000000000E+000,0.000000000000000E+000)
   1.57079632679490       -1.57079632679490     
 (0.000000000000000E+000,0.000000000000000E+000)
   1.57079632679490       0.000000000000000E+000
 (0.000000000000000E+000,0.000000000000000E+000)
   1.57079632679490        1.57079632679490     
 (0.000000000000000E+000,0.000000000000000E+000)
   1.57079632679490        3.14159265358979     
 (0.000000000000000E+000,0.000000000000000E+000)
   3.14159265358979       -1.57079632679490     
 (0.000000000000000E+000,0.000000000000000E+000)
   3.14159265358979       0.000000000000000E+000
 (0.000000000000000E+000,0.000000000000000E+000)
   3.14159265358979        1.57079632679490     
 (0.000000000000000E+000,0.000000000000000E+000)
   3.14159265358979        3.14159265358979     
 (0.000000000000000E+000,0.000000000000000E+000)
   1.00000000000000                1          16
 (0.000000000000000E+000,0.000000000000000E+000)
  -1.57079632679490       -1.57079632679490     
 (0.000000000000000E+000,0.000000000000000E+000)
  -1.57079632679490       0.000000000000000E+000
 (0.000000000000000E+000,0.000000000000000E+000)
  -1.57079632679490        1.57079632679490     
 (0.000000000000000E+000,0.000000000000000E+000)
  -1.57079632679490        3.14159265358979     
 (0.000000000000000E+000,0.000000000000000E+000)
  0.000000000000000E+000  -1.57079632679490     
 (0.000000000000000E+000,0.000000000000000E+000)
  0.000000000000000E+000  0.000000000000000E+000
 (0.000000000000000E+000,0.000000000000000E+000)
  0.000000000000000E+000   1.57079632679490     
 (0.000000000000000E+000,0.000000000000000E+000)
  0.000000000000000E+000   3.14159265358979     
 (0.000000000000000E+000,0.000000000000000E+000)
   1.57079632679490       -1.57079632679490     
 (0.000000000000000E+000,0.000000000000000E+000)
   1.57079632679490       0.000000000000000E+000
 (0.000000000000000E+000,0.000000000000000E+000)
   1.57079632679490        1.57079632679490     
 (0.000000000000000E+000,0.000000000000000E+000)
   1.57079632679490        3.14159265358979     
 (0.000000000000000E+000,0.000000000000000E+000)
   3.14159265358979       -1.57079632679490     
 (0.000000000000000E+000,0.000000000000000E+000)
   3.14159265358979       0.000000000000000E+000
 (0.000000000000000E+000,0.000000000000000E+000)
   3.14159265358979        1.57079632679490     
 (0.000000000000000E+000,0.000000000000000E+000)
   3.14159265358979        3.14159265358979     
 (0.000000000000000E+000,0.000000000000000E+000)
