   1.00000000000000                1          16
 (5.062714849974268E-035,0.000000000000000E+000)
  -1.57079632679490       -1.57079632679490     
 (1.00000000000000,-3.499564469659106E-025)
  -1.57079632679490       0.000000000000000E+000
 (1.00000000103189,-1.046573101087969E-025)
  -1.57079632679490        1.57079632679490     
 (1.00000000000000,-3.976371721902293E-026)
  -1.57079632679490        3.14159265358979     
 (0.999999998968107,-2.261040843193081E-026)
  0.000000000000000E+000  -1.57079632679490     
 (1.00000000103275,-1.544102530616256E-025)
  0.000000000000000E+000  0.000000000000000E+000
 (1.00000000206465,0.000000000000000E+000)
  0.000000000000000E+000   1.57079632679490     
 (1.00000000103275,1.544102530616256E-025)
  0.000000000000000E+000   3.14159265358979     
 (1.00000000000085,5.461807535637340E-031)
   1.57079632679490       -1.57079632679490     
 (1.00000000000000,3.976371721902293E-026)
   1.57079632679490       0.000000000000000E+000
 (1.00000000103189,1.046573101087969E-025)
   1.57079632679490        1.57079632679490     
 (1.00000000000000,3.499564469659106E-025)
   1.57079632679490        3.14159265358979     
 (0.999999998968107,2.261040835292621E-026)
   3.14159265358979       -1.57079632679490     
 (0.999999998967255,-1.156223568218633E-025)
   3.14159265358979       0.000000000000000E+000
 (0.999999999999145,5.490823916235856E-031)
   3.14159265358979        1.57079632679490     
 (0.999999998967255,9.254501982152324E-026)
   3.14159265358979        3.14159265358979     
 (0.999999997935355,-1.094471760997362E-030)
   1.00000000000000                1          16
 (4.424516719407954E-034,0.000000000000000E+000)
  -1.57079632679490       -1.57079632679490     
 (1.00000000000233,1.891191136567876E-023)
  -1.57079632679490       0.000000000000000E+000
 (1.00000006511428,7.895142850424131E-024)
  -1.57079632679490        1.57079632679490     
 (0.999999999997658,-9.407765829048534E-025)
  -1.57079632679490        3.14159265358979     
 (0.999999934885721,7.221300758193494E-024)
  0.000000000000000E+000  -1.57079632679490     
 (1.00000006539506,4.484112658404229E-024)
  0.000000000000000E+000  0.000000000000000E+000
 (1.00000013052600,0.000000000000000E+000)
  0.000000000000000E+000   1.57079632679490     
 (1.00000006539506,-4.484112658404229E-024)
  0.000000000000000E+000   3.14159265358979     
 (1.00000000026636,1.372937074896653E-028)
   1.57079632679490       -1.57079632679490     
 (0.999999999997658,9.407765829048534E-025)
   1.57079632679490       0.000000000000000E+000
 (1.00000006511428,-7.895142850424131E-024)
   1.57079632679490        1.57079632679490     
 (1.00000000000233,-1.891191136567876E-023)
   1.57079632679490        3.14159265358979     
 (0.999999934885721,-7.221301082942673E-024)
   3.14159265358979       -1.57079632679490     
 (0.999999934604939,4.746594918189259E-024)
   3.14159265358979       0.000000000000000E+000
 (0.999999999704888,1.428993568832617E-028)
   3.14159265358979        1.57079632679490     
 (0.999999934604939,-6.137565278122060E-024)
   3.14159265358979        3.14159265358979     
 (0.999999869502774,-2.769768969094560E-028)
   1.00000000000000                1          16
 (3.580200758054533E-034,0.000000000000000E+000)
  -1.57079632679490       -1.57079632679490     
 (1.00000000000231,1.188991335197778E-023)
  -1.57079632679490       0.000000000000000E+000
 (1.00000006509739,7.289533785671099E-025)
  -1.57079632679490        1.57079632679490     
 (0.999999999997678,-7.962572650683640E-024)
  -1.57079632679490        3.14159265358979     
 (0.999999934902613,1.961504701367131E-024)
  0.000000000000000E+000  -1.57079632679490     
 (1.00000006539078,7.557060360029110E-024)
  0.000000000000000E+000  0.000000000000000E+000
 (1.00000013050473,0.000000000000000E+000)
  0.000000000000000E+000   1.57079632679490     
 (1.00000006539078,-7.557060360029110E-024)
  0.000000000000000E+000   3.14159265358979     
 (1.00000000027907,1.369672343445326E-028)
   1.57079632679490       -1.57079632679490     
 (0.999999999997678,7.962572650683640E-024)
   1.57079632679490       0.000000000000000E+000
 (1.00000006509739,-7.289533785671099E-025)
   1.57079632679490        1.57079632679490     
 (1.00000000000231,-1.188991335197778E-023)
   1.57079632679490        3.14159265358979     
 (0.999999934902613,-1.961505021177217E-024)
   3.14159265358979       -1.57079632679490     
 (0.999999934609214,8.291294065380336E-024)
   3.14159265358979       0.000000000000000E+000
 (0.999999999692363,1.422913837241183E-028)
   3.14159265358979        1.57079632679490     
 (0.999999934609214,-9.682264420374042E-024)
   3.14159265358979        3.14159265358979     
 (0.999999869523854,-2.760975914920108E-028)
   1.00000000000000                1          16
 (3.580200758054533E-034,0.000000000000000E+000)
  -1.57079632679490       -1.57079632679490     
 (1.00000000000231,1.188991335197778E-023)
  -1.57079632679490       0.000000000000000E+000
 (1.00000006509739,7.289533785671099E-025)
  -1.57079632679490        1.57079632679490     
 (0.999999999997678,-7.962572650683640E-024)
  -1.57079632679490        3.14159265358979     
 (0.999999934902613,1.961504701367131E-024)
  0.000000000000000E+000  -1.57079632679490     
 (1.00000006539078,7.557060360029110E-024)
  0.000000000000000E+000  0.000000000000000E+000
 (1.00000013050473,0.000000000000000E+000)
  0.000000000000000E+000   1.57079632679490     
 (1.00000006539078,-7.557060360029110E-024)
  0.000000000000000E+000   3.14159265358979     
 (1.00000000027907,1.369672343445326E-028)
   1.57079632679490       -1.57079632679490     
 (0.999999999997678,7.962572650683640E-024)
   1.57079632679490       0.000000000000000E+000
 (1.00000006509739,-7.289533785671099E-025)
   1.57079632679490        1.57079632679490     
 (1.00000000000231,-1.188991335197778E-023)
   1.57079632679490        3.14159265358979     
 (0.999999934902613,-1.961505021177217E-024)
   3.14159265358979       -1.57079632679490     
 (0.999999934609214,8.291294065380336E-024)
   3.14159265358979       0.000000000000000E+000
 (0.999999999692363,1.422913837241183E-028)
   3.14159265358979        1.57079632679490     
 (0.999999934609214,-9.682264420374042E-024)
   3.14159265358979        3.14159265358979     
 (0.999999869523854,-2.760975914920108E-028)
   1.00000000000000                1          16
 (3.580200758054533E-034,0.000000000000000E+000)
  -1.57079632679490       -1.57079632679490     
 (1.00000000000231,1.188991335197778E-023)
  -1.57079632679490       0.000000000000000E+000
 (1.00000006509739,7.289533785671099E-025)
  -1.57079632679490        1.57079632679490     
 (0.999999999997678,-7.962572650683640E-024)
  -1.57079632679490        3.14159265358979     
 (0.999999934902613,1.961504701367131E-024)
  0.000000000000000E+000  -1.57079632679490     
 (1.00000006539078,7.557060360029110E-024)
  0.000000000000000E+000  0.000000000000000E+000
 (1.00000013050473,0.000000000000000E+000)
  0.000000000000000E+000   1.57079632679490     
 (1.00000006539078,-7.557060360029110E-024)
  0.000000000000000E+000   3.14159265358979     
 (1.00000000027907,1.369672343445326E-028)
   1.57079632679490       -1.57079632679490     
 (0.999999999997678,7.962572650683640E-024)
   1.57079632679490       0.000000000000000E+000
 (1.00000006509739,-7.289533785671099E-025)
   1.57079632679490        1.57079632679490     
 (1.00000000000231,-1.188991335197778E-023)
   1.57079632679490        3.14159265358979     
 (0.999999934902613,-1.961505021177217E-024)
   3.14159265358979       -1.57079632679490     
 (0.999999934609214,8.291294065380336E-024)
   3.14159265358979       0.000000000000000E+000
 (0.999999999692363,1.422913837241183E-028)
   3.14159265358979        1.57079632679490     
 (0.999999934609214,-9.682264420374042E-024)
   3.14159265358979        3.14159265358979     
 (0.999999869523854,-2.760975914920108E-028)
   1.00000000000000                1          16
 (3.580200758054533E-034,0.000000000000000E+000)
  -1.57079632679490       -1.57079632679490     
 (1.00000000000231,1.188991335197778E-023)
  -1.57079632679490       0.000000000000000E+000
 (1.00000006509739,7.289533785671099E-025)
  -1.57079632679490        1.57079632679490     
 (0.999999999997678,-7.962572650683640E-024)
  -1.57079632679490        3.14159265358979     
 (0.999999934902613,1.961504701367131E-024)
  0.000000000000000E+000  -1.57079632679490     
 (1.00000006539078,7.557060360029110E-024)
  0.000000000000000E+000  0.000000000000000E+000
 (1.00000013050473,0.000000000000000E+000)
  0.000000000000000E+000   1.57079632679490     
 (1.00000006539078,-7.557060360029110E-024)
  0.000000000000000E+000   3.14159265358979     
 (1.00000000027907,1.369672343445326E-028)
   1.57079632679490       -1.57079632679490     
 (0.999999999997678,7.962572650683640E-024)
   1.57079632679490       0.000000000000000E+000
 (1.00000006509739,-7.289533785671099E-025)
   1.57079632679490        1.57079632679490     
 (1.00000000000231,-1.188991335197778E-023)
   1.57079632679490        3.14159265358979     
 (0.999999934902613,-1.961505021177217E-024)
   3.14159265358979       -1.57079632679490     
 (0.999999934609214,8.291294065380336E-024)
   3.14159265358979       0.000000000000000E+000
 (0.999999999692363,1.422913837241183E-028)
   3.14159265358979        1.57079632679490     
 (0.999999934609214,-9.682264420374042E-024)
   3.14159265358979        3.14159265358979     
 (0.999999869523854,-2.760975914920108E-028)
   1.00000000000000                1          16
 (0.000000000000000E+000,0.000000000000000E+000)
  -1.57079632679490       -1.57079632679490     
 (1.00000000000000,0.000000000000000E+000)
  -1.57079632679490       0.000000000000000E+000
 (1.00000000000000,0.000000000000000E+000)
  -1.57079632679490        1.57079632679490     
 (1.00000000000000,0.000000000000000E+000)
  -1.57079632679490        3.14159265358979     
 (1.00000000000000,0.000000000000000E+000)
  0.000000000000000E+000  -1.57079632679490     
 (1.00000000000000,0.000000000000000E+000)
  0.000000000000000E+000  0.000000000000000E+000
 (1.00000000000000,0.000000000000000E+000)
  0.000000000000000E+000   1.57079632679490     
 (1.00000000000000,0.000000000000000E+000)
  0.000000000000000E+000   3.14159265358979     
 (1.00000000000000,0.000000000000000E+000)
   1.57079632679490       -1.57079632679490     
 (1.00000000000000,0.000000000000000E+000)
   1.57079632679490       0.000000000000000E+000
 (1.00000000000000,0.000000000000000E+000)
   1.57079632679490        1.57079632679490     
 (1.00000000000000,0.000000000000000E+000)
   1.57079632679490        3.14159265358979     
 (1.00000000000000,0.000000000000000E+000)
   3.14159265358979       -1.57079632679490     
 (1.00000000000000,0.000000000000000E+000)
   3.14159265358979       0.000000000000000E+000
 (1.00000000000000,0.000000000000000E+000)
   3.14159265358979        1.57079632679490     
 (1.00000000000000,0.000000000000000E+000)
   3.14159265358979        3.14159265358979     
 (1.00000000000000,0.000000000000000E+000)
