           2 (8.100343759958828E-034,0.000000000000000E+000)
   1.00000000000000     
           2 (7.079226751052726E-033,0.000000000000000E+000)
   1.00000000000000     
           2 (5.728321212887252E-033,0.000000000000000E+000)
   1.00000000000000     
           2 (5.728321212887252E-033,0.000000000000000E+000)
   1.00000000000000     
           2 (5.728321212887252E-033,0.000000000000000E+000)
   1.00000000000000     
           2 (5.728321212887252E-033,0.000000000000000E+000)
   1.00000000000000     
           2 (0.000000000000000E+000,0.000000000000000E+000)
   1.00000000000000     
