   1.00000000000000                1          16
 (0.000000000000000E+000,0.000000000000000E+000)
  -1.57079632679490       -1.57079632679490     
 (0.500427121735820,2.905182113999330E-017)
  -1.57079632679490       0.000000000000000E+000
 (0.323183508103775,-9.757013548812936E-018)
  -1.57079632679490        1.57079632679490     
 (0.499422147403966,-1.084202172485504E-017)
  -1.57079632679490        3.14159265358979     
 (0.676776677294109,5.431872403397679E-018)
  0.000000000000000E+000  -1.57079632679490     
 (0.323094622905524,1.344650548012936E-017)
  0.000000000000000E+000  0.000000000000000E+000
 (0.130571937667427,0.000000000000000E+000)
  0.000000000000000E+000   1.57079632679490     
 (0.323094622905524,-1.344650548012936E-017)
  0.000000000000000E+000   3.14159265358979     
 (0.494448383100218,-1.296222814789649E-018)
   1.57079632679490       -1.57079632679490     
 (0.499422147403966,1.084202172485504E-017)
   1.57079632679490       0.000000000000000E+000
 (0.323183508103775,9.757013548812936E-018)
   1.57079632679490        1.57079632679490     
 (0.500427121735820,-2.905182113999330E-017)
   1.57079632679490        3.14159265358979     
 (0.676776677294109,-5.441466568634112E-018)
   3.14159265358979       -1.57079632679490     
 (0.676866849392157,1.300802752851694E-017)
   3.14159265358979       0.000000000000000E+000
 (0.494573766390790,-1.299430599869398E-018)
   3.14159265358979        1.57079632679490     
 (0.676866849392157,-1.952283472866640E-017)
   3.14159265358979        3.14159265358979     
 (0.880864059170864,2.661354323467168E-018)
   1.00000000000000                1          16
 (0.000000000000000E+000,0.000000000000000E+000)
  -1.57079632679490       -1.57079632679490     
 (0.501917092189199,-3.905089108430711E-017)
  -1.57079632679490       0.000000000000000E+000
 (0.323132829135160,-5.267341037315090E-017)
  -1.57079632679490        1.57079632679490     
 (0.497482906300927,-5.204170427930421E-017)
  -1.57079632679490        3.14159265358979     
 (0.676707487611592,-3.575096962599030E-017)
  0.000000000000000E+000  -1.57079632679490     
 (0.322635037284995,1.779072206617675E-017)
  0.000000000000000E+000  0.000000000000000E+000
 (0.151910128813415,0.000000000000000E+000)
  0.000000000000000E+000   1.57079632679490     
 (0.322635037284995,-1.779072206617675E-017)
  0.000000000000000E+000   3.14159265358979     
 (0.473066751836789,-1.242599748917179E-018)
   1.57079632679490       -1.57079632679490     
 (0.497482906300927,5.204170427930421E-017)
   1.57079632679490       0.000000000000000E+000
 (0.323132829135160,5.267341037315090E-017)
   1.57079632679490        1.57079632679490     
 (0.501917092189199,3.905089108430711E-017)
   1.57079632679490        3.14159265358979     
 (0.676707487611592,3.571174387633239E-017)
   3.14159265358979       -1.57079632679490     
 (0.677204343415017,2.254159875028402E-017)
   3.14159265358979       0.000000000000000E+000
 (0.473722442617940,-1.263412187693381E-018)
   3.14159265358979        1.57079632679490     
 (0.677204343415017,-1.477456885804629E-017)
   3.14159265358979        3.14159265358979     
 (0.903141284858077,2.770647171294560E-018)
   1.00000000000000                1          16
 (0.000000000000000E+000,0.000000000000000E+000)
  -1.57079632679490       -1.57079632679490     
 (0.501906745319199,-1.476462314431468E-017)
  -1.57079632679490       0.000000000000000E+000
 (0.323145281591959,-8.871530251793349E-018)
  -1.57079632679490        1.57079632679490     
 (0.497496927091922,-1.647987302177967E-017)
  -1.57079632679490        3.14159265358979     
 (0.676697586466143,-1.450110058376084E-017)
  0.000000000000000E+000  -1.57079632679490     
 (0.322629764390936,-2.592348414709301E-018)
  0.000000000000000E+000  0.000000000000000E+000
 (0.151838553164381,0.000000000000000E+000)
  0.000000000000000E+000   1.57079632679490     
 (0.322629764390936,2.592348414709301E-018)
  0.000000000000000E+000   3.14159265358979     
 (0.473133785186963,-1.242232141221921E-018)
   1.57079632679490       -1.57079632679490     
 (0.497496927091922,1.647987302177967E-017)
   1.57079632679490       0.000000000000000E+000
 (0.323145281591959,8.871530251793349E-018)
   1.57079632679490        1.57079632679490     
 (0.501906745319199,1.476462314431468E-017)
   1.57079632679490        3.14159265358979     
 (0.676697586466143,1.446215338673720E-017)
   3.14159265358979       -1.57079632679490     
 (0.677209339552598,-1.310779406238515E-018)
   3.14159265358979       0.000000000000000E+000
 (0.473822592906187,-1.263187481807028E-018)
   3.14159265358979        1.57079632679490     
 (0.677209339552598,-4.799699956703947E-018)
   3.14159265358979        3.14159265358979     
 (0.903033779916958,2.768319348692826E-018)
   1.00000000000000                1          16
 (0.000000000000000E+000,0.000000000000000E+000)
  -1.57079632679490       -1.57079632679490     
 (0.501906745319199,-1.476462314431468E-017)
  -1.57079632679490       0.000000000000000E+000
 (0.323145281591959,-8.871530251793349E-018)
  -1.57079632679490        1.57079632679490     
 (0.497496927091922,-1.647987302177967E-017)
  -1.57079632679490        3.14159265358979     
 (0.676697586466143,-1.450110058376084E-017)
  0.000000000000000E+000  -1.57079632679490     
 (0.322629764390936,-2.592348414709301E-018)
  0.000000000000000E+000  0.000000000000000E+000
 (0.151838553164381,0.000000000000000E+000)
  0.000000000000000E+000   1.57079632679490     
 (0.322629764390936,2.592348414709301E-018)
  0.000000000000000E+000   3.14159265358979     
 (0.473133785186963,-1.242232141221921E-018)
   1.57079632679490       -1.57079632679490     
 (0.497496927091922,1.647987302177967E-017)
   1.57079632679490       0.000000000000000E+000
 (0.323145281591959,8.871530251793349E-018)
   1.57079632679490        1.57079632679490     
 (0.501906745319199,1.476462314431468E-017)
   1.57079632679490        3.14159265358979     
 (0.676697586466143,1.446215338673720E-017)
   3.14159265358979       -1.57079632679490     
 (0.677209339552598,-1.310779406238515E-018)
   3.14159265358979       0.000000000000000E+000
 (0.473822592906187,-1.263187481807028E-018)
   3.14159265358979        1.57079632679490     
 (0.677209339552598,-4.799699956703947E-018)
   3.14159265358979        3.14159265358979     
 (0.903033779916958,2.768319348692826E-018)
   1.00000000000000                1          16
 (0.000000000000000E+000,0.000000000000000E+000)
  -1.57079632679490       -1.57079632679490     
 (0.501906745319199,-1.476462314431468E-017)
  -1.57079632679490       0.000000000000000E+000
 (0.323145281591959,-8.871530251793349E-018)
  -1.57079632679490        1.57079632679490     
 (0.497496927091922,-1.647987302177967E-017)
  -1.57079632679490        3.14159265358979     
 (0.676697586466143,-1.450110058376084E-017)
  0.000000000000000E+000  -1.57079632679490     
 (0.322629764390936,-2.592348414709301E-018)
  0.000000000000000E+000  0.000000000000000E+000
 (0.151838553164381,0.000000000000000E+000)
  0.000000000000000E+000   1.57079632679490     
 (0.322629764390936,2.592348414709301E-018)
  0.000000000000000E+000   3.14159265358979     
 (0.473133785186963,-1.242232141221921E-018)
   1.57079632679490       -1.57079632679490     
 (0.497496927091922,1.647987302177967E-017)
   1.57079632679490       0.000000000000000E+000
 (0.323145281591959,8.871530251793349E-018)
   1.57079632679490        1.57079632679490     
 (0.501906745319199,1.476462314431468E-017)
   1.57079632679490        3.14159265358979     
 (0.676697586466143,1.446215338673720E-017)
   3.14159265358979       -1.57079632679490     
 (0.677209339552598,-1.310779406238515E-018)
   3.14159265358979       0.000000000000000E+000
 (0.473822592906187,-1.263187481807028E-018)
   3.14159265358979        1.57079632679490     
 (0.677209339552598,-4.799699956703947E-018)
   3.14159265358979        3.14159265358979     
 (0.903033779916958,2.768319348692826E-018)
   1.00000000000000                1          16
 (0.000000000000000E+000,0.000000000000000E+000)
  -1.57079632679490       -1.57079632679490     
 (0.501906745319199,-1.476462314431468E-017)
  -1.57079632679490       0.000000000000000E+000
 (0.323145281591959,-8.871530251793349E-018)
  -1.57079632679490        1.57079632679490     
 (0.497496927091922,-1.647987302177967E-017)
  -1.57079632679490        3.14159265358979     
 (0.676697586466143,-1.450110058376084E-017)
  0.000000000000000E+000  -1.57079632679490     
 (0.322629764390936,-2.592348414709301E-018)
  0.000000000000000E+000  0.000000000000000E+000
 (0.151838553164381,0.000000000000000E+000)
  0.000000000000000E+000   1.57079632679490     
 (0.322629764390936,2.592348414709301E-018)
  0.000000000000000E+000   3.14159265358979     
 (0.473133785186963,-1.242232141221921E-018)
   1.57079632679490       -1.57079632679490     
 (0.497496927091922,1.647987302177967E-017)
   1.57079632679490       0.000000000000000E+000
 (0.323145281591959,8.871530251793349E-018)
   1.57079632679490        1.57079632679490     
 (0.501906745319199,1.476462314431468E-017)
   1.57079632679490        3.14159265358979     
 (0.676697586466143,1.446215338673720E-017)
   3.14159265358979       -1.57079632679490     
 (0.677209339552598,-1.310779406238515E-018)
   3.14159265358979       0.000000000000000E+000
 (0.473822592906187,-1.263187481807028E-018)
   3.14159265358979        1.57079632679490     
 (0.677209339552598,-4.799699956703947E-018)
   3.14159265358979        3.14159265358979     
 (0.903033779916958,2.768319348692826E-018)
   1.00000000000000                1          16
 (0.000000000000000E+000,0.000000000000000E+000)
  -1.57079632679490       -1.57079632679490     
 (0.500000000000000,0.000000000000000E+000)
  -1.57079632679490       0.000000000000000E+000
 (0.500000000000000,0.000000000000000E+000)
  -1.57079632679490        1.57079632679490     
 (0.500000000000000,0.000000000000000E+000)
  -1.57079632679490        3.14159265358979     
 (0.500000000000000,0.000000000000000E+000)
  0.000000000000000E+000  -1.57079632679490     
 (0.500000000000000,0.000000000000000E+000)
  0.000000000000000E+000  0.000000000000000E+000
 (0.500000000000000,0.000000000000000E+000)
  0.000000000000000E+000   1.57079632679490     
 (0.500000000000000,0.000000000000000E+000)
  0.000000000000000E+000   3.14159265358979     
 (0.500000000000000,0.000000000000000E+000)
   1.57079632679490       -1.57079632679490     
 (0.500000000000000,0.000000000000000E+000)
   1.57079632679490       0.000000000000000E+000
 (0.500000000000000,0.000000000000000E+000)
   1.57079632679490        1.57079632679490     
 (0.500000000000000,0.000000000000000E+000)
   1.57079632679490        3.14159265358979     
 (0.500000000000000,0.000000000000000E+000)
   3.14159265358979       -1.57079632679490     
 (0.500000000000000,0.000000000000000E+000)
   3.14159265358979       0.000000000000000E+000
 (0.500000000000000,0.000000000000000E+000)
   3.14159265358979        1.57079632679490     
 (0.500000000000000,0.000000000000000E+000)
   3.14159265358979        3.14159265358979     
 (0.500000000000000,0.000000000000000E+000)
