           3 (1.59866799865215,0.000000000000000E+000)
 (0.000000000000000E+000,0.000000000000000E+000)   1.00000000000000     
           3 (3.18937582799857,0.000000000000000E+000)
 (0.000000000000000E+000,0.000000000000000E+000)   1.00000000000000     
           3 (3.18937582799858,0.000000000000000E+000)
 (0.000000000000000E+000,0.000000000000000E+000)   1.00000000000000     
           3 (3.18937582799858,0.000000000000000E+000)
 (0.000000000000000E+000,0.000000000000000E+000)   1.00000000000000     
           3 (3.18937582799858,0.000000000000000E+000)
 (0.000000000000000E+000,0.000000000000000E+000)   1.00000000000000     
           3 (3.18937582799858,0.000000000000000E+000)
 (0.000000000000000E+000,0.000000000000000E+000)   1.00000000000000     
           3 (0.000000000000000E+000,0.000000000000000E+000)
 (0.000000000000000E+000,0.000000000000000E+000)   1.00000000000000     
