     0.0000000        0.16034355        0.00427066
     0.1000000        0.10775050        0.00410964
     0.2000000        0.07440676        0.00391208
     0.3000000        0.05177527        0.00365262
     0.4000000        0.03625858        0.00343670
     0.5000000        0.02545483        0.00330157
     0.6000000        0.01879476        0.00313748
     0.7000000        0.01400458        0.00286739
     0.8000000        0.01170561        0.00257428
     0.9000000        0.00973636        0.00252375
     1.0000000        0.00693275        0.00259810
     1.1000000        0.00553840        0.00268088
     1.2000000        0.00473452        0.00238655
     1.3000000        0.00444261        0.00219126
     1.4000000        0.00388125        0.00200972
     1.5000000        0.00282399        0.00189123
     1.6000000        0.00157642        0.00199924
     1.7000000        0.00138244        0.00204121
     1.8000000        0.00127965        0.00199648
     1.9000000        0.00080932        0.00206553
     2.0000000        0.00070040        0.00206304
     2.1000000        0.00028765        0.00212746
     2.2000000        0.00007889        0.00216970
     2.3000000        0.00016426        0.00234315
     2.4000000       -0.00028224        0.00255910
     2.5000000       -0.00075275        0.00244711
     2.6000000       -0.00070446        0.00246145
     2.7000000       -0.00094269        0.00257869
     2.8000000       -0.00082307        0.00256289
     2.9000000       -0.00114600        0.00251255
     3.0000000       -0.00133968        0.00240434
     3.1000000       -0.00163366        0.00249366
     3.2000000       -0.00181254        0.00252035
     3.3000000       -0.00163043        0.00263205
     3.4000000       -0.00083247        0.00261698
     3.5000000       -0.00048705        0.00231707
     3.6000000       -0.00079139        0.00245256
     3.7000000       -0.00121181        0.00254926
     3.8000000       -0.00141164        0.00247797
     3.9000000       -0.00119281        0.00231108
     4.0000000       -0.00087414        0.00233593
     4.1000000       -0.00114442        0.00241330
     4.2000000       -0.00136040        0.00261878
     4.3000000       -0.00107707        0.00277183
     4.4000000       -0.00120512        0.00300542
     4.5000000       -0.00208255        0.00344936
     4.6000000       -0.00278635        0.00367953
     4.7000000       -0.00316219        0.00356074
     4.8000000       -0.00330763        0.00355475
     4.9000000       -0.00358699        0.00367044
     5.0000000       -0.00413335        0.00401744
     5.1000000       -0.00390745        0.00453734
     5.2000000       -0.00413078        0.00484017
     5.3000000       -0.00364073        0.00438643
     5.4000000       -0.00323494        0.00401955
     5.5000000       -0.00274683        0.00366083
     5.6000000       -0.00220128        0.00308004
     5.7000000       -0.00157373        0.00289301
     5.8000000       -0.00097276        0.00268062
     5.9000000       -0.00008737        0.00257139
     6.0000000        0.00134566        0.00239521
     6.1000000        0.00191961        0.00242515
     6.2000000        0.00200882        0.00248916
     6.3000000        0.00201298        0.00255928
     6.4000000        0.00178545        0.00251567
     6.5000000        0.00192279        0.00241432
     6.6000000        0.00176578        0.00227053
     6.7000000        0.00140074        0.00232761
     6.8000000        0.00062250        0.00242009
     6.9000000        0.00011913        0.00234282
     7.0000000        0.00026806        0.00233334
     7.1000000       -0.00046559        0.00224449
     7.2000000       -0.00036504        0.00214817
     7.3000000       -0.00043461        0.00202030
     7.4000000       -0.00032624        0.00188411
     7.5000000       -0.00048959        0.00195675
     7.6000000       -0.00050683        0.00205491
     7.7000000        0.00021991        0.00237623
     7.8000000        0.00011514        0.00250713
     7.9000000        0.00054947        0.00265988
     8.0000000        0.00022317        0.00274340
     8.1000000        0.00031474        0.00288134
     8.2000000        0.00055315        0.00289193
     8.3000000        0.00081665        0.00286592
     8.4000000        0.00095759        0.00278752
     8.5000000        0.00177791        0.00278464
     8.6000000        0.00224042        0.00279270
     8.7000000        0.00321702        0.00274536
     8.8000000        0.00353316        0.00280138
     8.9000000        0.00386678        0.00315289
     9.0000000        0.00418739        0.00347487
     9.1000000        0.00546185        0.00374077
     9.2000000        0.00763137        0.00371689
     9.3000000        0.01136034        0.00357317
     9.4000000        0.01740127        0.00352675
     9.5000000        0.02582130        0.00344148
     9.6000000        0.03770294        0.00352345
     9.7000000        0.05324073        0.00372492
     9.8000000        0.07546239        0.00398549
     9.9000000        0.10908982        0.00400435
    10.0000000        0.16034355        0.00427066
