     0.0000000        0.28219076        0.00107605
     0.1000000        0.12514456        0.00227147
     0.2000000        0.05659703        0.00605257
     0.3000000        0.02557834        0.00360528
     0.4000000        0.00701663        0.00085156
     0.5000000       -0.00046648        0.00266454
     0.6000000       -0.00490705        0.00539294
     0.7000000       -0.00166163        0.00553287
     0.8000000       -0.00496288        0.00829395
     0.9000000       -0.00484373        0.00971179
     1.0000000       -0.00922098        0.00540203
     1.1000000       -0.00923140        0.00786547
     1.2000000       -0.00374499        0.00908832
     1.3000000       -0.00587630        0.01254562
     1.4000000       -0.00528226        0.01913991
     1.5000000        0.00182065        0.01862708
     1.6000000        0.00627971        0.01608129
     1.7000000        0.01104726        0.00700235
     1.8000000        0.00907144        0.00343376
     1.9000000        0.00324668        0.00096008
     2.0000000       -0.00433944        0.00255359
     2.1000000       -0.00746483        0.00083068
     2.2000000       -0.00259420        0.00486649
     2.3000000       -0.00055093        0.01223810
     2.4000000        0.00625093        0.01319580
     2.5000000        0.00857838        0.01253435
     2.6000000        0.01032984        0.01403936
     2.7000000        0.00960421        0.01685985
     2.8000000        0.00970944        0.02162422
     2.9000000        0.00793133        0.02021014
     3.0000000        0.00181459        0.01986609
     3.1000000        0.00161163        0.01743396
     3.2000000       -0.00238114        0.01074498
     3.3000000       -0.00446804        0.01021864
     3.4000000       -0.00921687        0.01527550
     3.5000000       -0.00591220        0.01024532
     3.6000000       -0.00408791        0.00493105
     3.7000000       -0.00168840        0.00602747
     3.8000000       -0.00301732        0.00538974
     3.9000000       -0.00924593        0.00169679
     4.0000000       -0.00662819        0.00965168
     4.1000000       -0.00702002        0.00626713
     4.2000000       -0.00664504        0.00507826
     4.3000000       -0.00171452        0.00572911
     4.4000000       -0.00158689        0.01045382
     4.5000000       -0.00135422        0.00534398
     4.6000000       -0.00568743        0.00145247
     4.7000000       -0.00185319        0.00208123
     4.8000000       -0.00060869        0.00250567
     4.9000000       -0.00450655        0.00723845
     5.0000000       -0.00476640        0.00854230
     5.1000000       -0.00101138        0.01075454
     5.2000000       -0.00085233        0.01553425
     5.3000000       -0.00133965        0.01453413
     5.4000000       -0.00097245        0.01449237
     5.5000000        0.00042099        0.01050527
     5.6000000        0.00039487        0.01321837
     5.7000000       -0.00107177        0.00834382
     5.8000000        0.00003878        0.00244825
     5.9000000       -0.00689486        0.00469306
     6.0000000       -0.00359740        0.01017272
     6.1000000       -0.00240508        0.01005684
     6.2000000       -0.00388389        0.00823078
     6.3000000        0.00019534        0.00880466
     6.4000000        0.00219287        0.00352599
     6.5000000        0.00087365        0.00106082
     6.6000000        0.00100437        0.00399398
     6.7000000        0.00104034        0.00583254
     6.8000000        0.00159084        0.00221552
     6.9000000        0.00168668        0.00561026
     7.0000000        0.00538187        0.00754239
     7.1000000        0.00743836        0.01061297
     7.2000000        0.00764575        0.01847414
     7.3000000        0.00294127        0.01695709
     7.4000000        0.00441568        0.01631113
     7.5000000        0.01133356        0.01120801
     7.6000000        0.01351504        0.00772039
     7.7000000        0.01150141        0.00233209
     7.8000000        0.01150743        0.00367136
     7.9000000        0.01371890        0.00298878
     8.0000000        0.01358135        0.00225259
     8.1000000        0.01014361        0.00553318
     8.2000000        0.00684885        0.00511970
     8.3000000        0.00020194        0.00069240
     8.4000000       -0.00762607        0.00261785
     8.5000000       -0.00490119        0.00358346
     8.6000000       -0.00929917        0.01469620
     8.7000000       -0.00417784        0.01404218
     8.8000000       -0.00189363        0.01220158
     8.9000000       -0.00681411        0.01445008
     9.0000000       -0.00978804        0.00954168
     9.1000000       -0.00774825        0.00538921
     9.2000000       -0.01383711        0.00715465
     9.3000000       -0.00929822        0.01622184
     9.4000000       -0.00953979        0.02303033
     9.5000000       -0.00312178        0.02792997
     9.6000000        0.00416775        0.02604953
     9.7000000        0.02645419        0.02129046
     9.8000000        0.05993008        0.01103146
     9.9000000        0.12585514        0.00656775
    10.0000000        0.28219076        0.00107605
