     0.0000000        0.58857429        0.00695669
     0.1000000        0.40628182        0.00784203
     0.2000000        0.29488973        0.00668923
     0.3000000        0.22437356        0.00487805
     0.4000000        0.17605868        0.00281974
     0.5000000        0.14289604        0.00048851
     0.6000000        0.11806429        0.00154520
     0.7000000        0.09928330        0.00305514
     0.8000000        0.08469707        0.00350005
     0.9000000        0.07290484        0.00373917
     1.0000000        0.06111453        0.00327640
     1.1000000        0.05153890        0.00139457
     1.2000000        0.04501968        0.00217025
     1.3000000        0.03757598        0.00205984
     1.4000000        0.03142304        0.00299357
     1.5000000        0.02598739        0.00270022
     1.6000000        0.02154501        0.00236006
     1.7000000        0.01819496        0.00153505
     1.8000000        0.01605069        0.00234703
     1.9000000        0.01337070        0.00149685
     2.0000000        0.01159193        0.00185662
     2.1000000        0.01007519        0.00139222
     2.2000000        0.00868688        0.00160636
     2.3000000        0.00842040        0.00223923
     2.4000000        0.00770975        0.00272470
     2.5000000        0.00710783        0.00254913
     2.6000000        0.00591553        0.00260937
     2.7000000        0.00584224        0.00260192
     2.8000000        0.00550148        0.00187765
     2.9000000        0.00491773        0.00112914
     3.0000000        0.00502261        0.00003005
     3.1000000        0.00525153        0.00066334
     3.2000000        0.00492482        0.00103452
     3.3000000        0.00452715        0.00114108
     3.4000000        0.00365606        0.00072966
     3.5000000        0.00238887        0.00049694
     3.6000000        0.00187103        0.00038616
     3.7000000        0.00181416        0.00014919
     3.8000000        0.00108823        0.00045345
     3.9000000        0.00145162        0.00049440
     4.0000000        0.00235291        0.00030778
     4.1000000        0.00148757        0.00058382
     4.2000000        0.00169276        0.00100636
     4.3000000        0.00018987        0.00036102
     4.4000000        0.00025254        0.00047304
     4.5000000        0.00023319        0.00009811
     4.6000000       -0.00032751        0.00088658
     4.7000000       -0.00193143        0.00096391
     4.8000000       -0.00185766        0.00071884
     4.9000000       -0.00210299        0.00095769
     5.0000000       -0.00172252        0.00049855
     5.1000000       -0.00213031        0.00091805
     5.2000000       -0.00198946        0.00081735
     5.3000000       -0.00224912        0.00044812
     5.4000000       -0.00146863        0.00044680
     5.5000000       -0.00042287        0.00114261
     5.6000000        0.00028521        0.00116975
     5.7000000        0.00123746        0.00188066
     5.8000000        0.00223136        0.00072253
     5.9000000        0.00173934        0.00048886
     6.0000000        0.00177010        0.00094765
     6.1000000        0.00133481        0.00061703
     6.2000000        0.00116371        0.00089372
     6.3000000        0.00104655        0.00095474
     6.4000000        0.00150061        0.00157694
     6.5000000        0.00210214        0.00176897
     6.6000000        0.00247973        0.00180208
     6.7000000        0.00213748        0.00184559
     6.8000000        0.00270158        0.00134129
     6.9000000        0.00271563        0.00089332
     7.0000000        0.00241176        0.00048392
     7.1000000        0.00258826        0.00018382
     7.2000000        0.00237820        0.00017690
     7.3000000        0.00390982        0.00047298
     7.4000000        0.00512337        0.00054610
     7.5000000        0.00642203        0.00045224
     7.6000000        0.00693055        0.00049067
     7.7000000        0.00729545        0.00166142
     7.8000000        0.00802843        0.00273543
     7.9000000        0.01002097        0.00349893
     8.0000000        0.01032684        0.00498868
     8.1000000        0.01224638        0.00509179
     8.2000000        0.01397214        0.00475998
     8.3000000        0.01762258        0.00303163
     8.4000000        0.02201559        0.00059333
     8.5000000        0.02684464        0.00146656
     8.6000000        0.03224871        0.00117597
     8.7000000        0.03740738        0.00253913
     8.8000000        0.04332883        0.00225897
     8.9000000        0.05198892        0.00233109
     9.0000000        0.06143522        0.00003168
     9.1000000        0.07163183        0.00074891
     9.2000000        0.08526650        0.00325434
     9.3000000        0.10241014        0.00445992
     9.4000000        0.12264460        0.00553838
     9.5000000        0.14974930        0.00604537
     9.6000000        0.18383085        0.00971357
     9.7000000        0.23050724        0.01017811
     9.8000000        0.30133312        0.00969870
     9.9000000        0.40942107        0.00969340
    10.0000000        0.58857429        0.00695669
