     0.0000000        1.85370584        0.00309182
     0.1000000        1.45019757        0.00260450
     0.2000000        1.14185078        0.00316604
     0.3000000        0.90670091        0.00381114
     0.4000000        0.72485179        0.00323013
     0.5000000        0.58130854        0.00371487
     0.6000000        0.46909987        0.00420012
     0.7000000        0.37808906        0.00379064
     0.8000000        0.30574243        0.00407355
     0.9000000        0.24793901        0.00414297
     1.0000000        0.20117597        0.00386641
     1.1000000        0.16468581        0.00333264
     1.2000000        0.13457295        0.00292603
     1.3000000        0.11368457        0.00251669
     1.4000000        0.09175366        0.00292837
     1.5000000        0.07720193        0.00217204
     1.6000000        0.06510563        0.00300423
     1.7000000        0.05324120        0.00266360
     1.8000000        0.04509220        0.00200297
     1.9000000        0.03819305        0.00175314
     2.0000000        0.03080093        0.00218908
     2.1000000        0.02231479        0.00262151
     2.2000000        0.01578770        0.00246069
     2.3000000        0.01336781        0.00254355
     2.4000000        0.01377164        0.00297636
     2.5000000        0.00961492        0.00285228
     2.6000000        0.00612916        0.00304766
     2.7000000        0.00286216        0.00301730
     2.8000000        0.00288058        0.00319749
     2.9000000        0.00293242        0.00341048
     3.0000000        0.00511268        0.00308284
     3.1000000        0.00358097        0.00344613
     3.2000000        0.00316178        0.00309606
     3.3000000        0.00211820        0.00236455
     3.4000000        0.00207270        0.00205912
     3.5000000       -0.00036719        0.00230600
     3.6000000       -0.00038175        0.00239747
     3.7000000       -0.00062299        0.00263955
     3.8000000       -0.00074540        0.00246595
     3.9000000        0.00152455        0.00263037
     4.0000000        0.00049534        0.00202836
     4.1000000        0.00116031        0.00243299
     4.2000000        0.00057112        0.00229900
     4.3000000       -0.00056959        0.00225192
     4.4000000       -0.00237102        0.00226017
     4.5000000       -0.00385330        0.00209013
     4.6000000       -0.00125023        0.00254458
     4.7000000       -0.00082834        0.00278159
     4.8000000       -0.00120066        0.00253507
     4.9000000        0.00014894        0.00290415
     5.0000000       -0.00116261        0.00210612
     5.1000000        0.00002508        0.00213136
     5.2000000        0.00130227        0.00191378
     5.3000000        0.00256803        0.00260892
     5.4000000        0.00364536        0.00217868
     5.5000000       -0.00043170        0.00255244
     5.6000000       -0.00173551        0.00300369
     5.7000000        0.00130274        0.00266555
     5.8000000        0.00198060        0.00210914
     5.9000000        0.00231125        0.00204702
     6.0000000        0.00120565        0.00168178
     6.1000000       -0.00089903        0.00219988
     6.2000000       -0.00538172        0.00199460
     6.3000000       -0.00165914        0.00215466
     6.4000000       -0.00067642        0.00171443
     6.5000000        0.00181956        0.00189304
     6.6000000        0.00054769        0.00204705
     6.7000000        0.00193817        0.00217267
     6.8000000       -0.00092014        0.00224696
     6.9000000       -0.00177432        0.00255424
     7.0000000       -0.00017433        0.00216495
     7.1000000        0.00069894        0.00199728
     7.2000000        0.00371304        0.00251375
     7.3000000        0.00286536        0.00224317
     7.4000000        0.00307367        0.00267957
     7.5000000       -0.00040339        0.00204811
     7.6000000       -0.00094463        0.00227626
     7.7000000        0.00006502        0.00268632
     7.8000000        0.00163381        0.00259422
     7.9000000        0.00301440        0.00181294
     8.0000000        0.00161371        0.00190360
     8.1000000        0.00389122        0.00226324
     8.2000000        0.00271104        0.00213929
     8.3000000        0.00293055        0.00220378
     8.4000000        0.00305932        0.00226012
     8.5000000        0.00162004        0.00241195
     8.6000000        0.00351423        0.00226375
     8.7000000        0.00726224        0.00243810
     8.8000000        0.00619019        0.00232222
     8.9000000        0.00680712        0.00245061
     9.0000000        0.01025808        0.00296104
     9.1000000        0.01147649        0.00285102
     9.2000000        0.01532512        0.00269764
     9.3000000        0.01871129        0.00249042
     9.4000000        0.02327362        0.00310324
     9.5000000        0.02821885        0.00259005
     9.6000000        0.03912964        0.00248840
     9.7000000        0.05512123        0.00284276
     9.8000000        0.07325988        0.00340681
     9.9000000        0.10222421        0.00273673
    10.0000000        0.14629416        0.00309182
