     0.0000000        2.00000000        0.00000003
     0.1000000        1.60418647        0.00206150
     0.2000000        1.31016665        0.00348103
     0.3000000        1.08252895        0.00061389
     0.4000000        0.90576052        0.00282711
     0.5000000        0.76404965        0.00503756
     0.6000000        0.64935178        0.00591485
     0.7000000        0.55651702        0.00787855
     0.8000000        0.48152621        0.00624796
     0.9000000        0.42008647        0.00198299
     1.0000000        0.36627114        0.00214937
     1.1000000        0.32352079        0.00252894
     1.2000000        0.28568923        0.00191147
     1.3000000        0.25263101        0.00399189
     1.4000000        0.22546558        0.00552080
     1.5000000        0.19937188        0.00436788
     1.6000000        0.17811014        0.00618056
     1.7000000        0.15796469        0.00519810
     1.8000000        0.14402391        0.00301170
     1.9000000        0.13019115        0.00488661
     2.0000000        0.11941518        0.00731717
     2.1000000        0.10802704        0.00814420
     2.2000000        0.09784219        0.00734919
     2.3000000        0.08796072        0.00692130
     2.4000000        0.08064748        0.00625035
     2.5000000        0.07375559        0.00740531
     2.6000000        0.06769266        0.00753615
     2.7000000        0.06356282        0.00802745
     2.8000000        0.05777608        0.00663050
     2.9000000        0.05336223        0.00666729
     3.0000000        0.05074414        0.00621688
     3.1000000        0.04734646        0.00363447
     3.2000000        0.04436454        0.00274434
     3.3000000        0.04208312        0.00465586
     3.4000000        0.03944989        0.00133870
     3.5000000        0.03664668        0.00002139
     3.6000000        0.03530037        0.00069133
     3.7000000        0.03107998        0.00338174
     3.8000000        0.02855521        0.00542835
     3.9000000        0.02644840        0.00580533
     4.0000000        0.02642506        0.00271120
     4.1000000        0.02373887        0.00276345
     4.2000000        0.02283103        0.00315069
     4.3000000        0.02244801        0.00092862
     4.4000000        0.02234327        0.00243368
     4.5000000        0.02054586        0.00203734
     4.6000000        0.01989328        0.00125770
     4.7000000        0.02022167        0.00346887
     4.8000000        0.02105779        0.00265868
     4.9000000        0.01926381        0.00198371
     5.0000000        0.01938666        0.00051447
     5.1000000        0.01922394        0.00111443
     5.2000000        0.01974142        0.00183681
     5.3000000        0.02137850        0.00142543
     5.4000000        0.02307024        0.00097680
     5.5000000        0.02280219        0.00403079
     5.6000000        0.02324253        0.00657253
     5.7000000        0.02295408        0.00463083
     5.8000000        0.02538587        0.00373006
     5.9000000        0.02465042        0.00141178
     6.0000000        0.02737835        0.00120462
     6.1000000        0.02767049        0.00063290
     6.2000000        0.02840890        0.00010257
     6.3000000        0.03380492        0.00362724
     6.4000000        0.03449600        0.00272822
     6.5000000        0.03686460        0.00383722
     6.6000000        0.04057666        0.00368278
     6.7000000        0.04248193        0.00300916
     6.8000000        0.04593723        0.00124366
     6.9000000        0.04763066        0.00349685
     7.0000000        0.05113681        0.00276454
     7.1000000        0.05432390        0.00162222
     7.2000000        0.05860790        0.00108199
     7.3000000        0.06349061        0.00133238
     7.4000000        0.06785460        0.00197084
     7.5000000        0.07509267        0.00459016
     7.6000000        0.08212110        0.00703504
     7.7000000        0.08941827        0.00719727
     7.8000000        0.09882870        0.00906880
     7.9000000        0.10775000        0.00586537
     8.0000000        0.11774223        0.00036546
     8.1000000        0.12914743        0.00020788
     8.2000000        0.14135284        0.00017540
     8.3000000        0.15758104        0.00065157
     8.4000000        0.17612999        0.00259035
     8.5000000        0.20041294        0.00280871
     8.6000000        0.22427199        0.00167029
     8.7000000        0.25260287        0.00255312
     8.8000000        0.28418073        0.00108470
     8.9000000        0.32092651        0.00187584
     9.0000000        0.36460579        0.00417839
     9.1000000        0.41669987        0.00178516
     9.2000000        0.48189040        0.00657905
     9.3000000        0.55877474        0.00472402
     9.4000000        0.65182891        0.00038725
     9.5000000        0.76484444        0.00376866
     9.6000000        0.90701935        0.00105223
     9.7000000        1.08463729        0.00220619
     9.8000000        1.31295387        0.00027063
     9.9000000        1.60646873        0.00120123
    10.0000000        2.00000000        0.00000000
