     0.0000000        0.19987668        0.00377573
     0.1000000        0.11473821        0.00298805
     0.2000000        0.06869052        0.00630492
     0.3000000        0.04375222        0.00630642
     0.4000000        0.02849933        0.00786145
     0.5000000        0.01855895        0.00711706
     0.6000000        0.01379853        0.00633714
     0.7000000        0.00958813        0.00454546
     0.8000000        0.00580203        0.00320587
     0.9000000        0.00391540        0.00183720
     1.0000000        0.00128343        0.00179112
     1.1000000        0.00085268        0.00142120
     1.2000000        0.00120990        0.00204587
     1.3000000       -0.00078192        0.00205300
     1.4000000       -0.00084184        0.00352587
     1.5000000       -0.00125759        0.00487015
     1.6000000       -0.00179463        0.00598099
     1.7000000       -0.00057390        0.00548006
     1.8000000       -0.00170860        0.00555130
     1.9000000       -0.00185987        0.00423783
     2.0000000       -0.00123872        0.00326563
     2.1000000        0.00015388        0.00485698
     2.2000000        0.00037415        0.00374068
     2.3000000        0.00059852        0.00341447
     2.4000000        0.00122157        0.00637670
     2.5000000        0.00084159        0.00430252
     2.6000000       -0.00096631        0.00405326
     2.7000000       -0.00294117        0.00397995
     2.8000000       -0.00142276        0.00727600
     2.9000000       -0.00082303        0.00628267
     3.0000000       -0.00123921        0.00844428
     3.1000000        0.00010643        0.00743154
     3.2000000        0.00289088        0.00810008
     3.3000000        0.00329689        0.00806099
     3.4000000        0.00168587        0.00418784
     3.5000000        0.00007061        0.00401504
     3.6000000       -0.00011178        0.00372517
     3.7000000       -0.00112964        0.00081782
     3.8000000        0.00062396        0.00145183
     3.9000000        0.00099688        0.00151611
     4.0000000        0.00167292        0.00351924
     4.1000000        0.00015081        0.00192357
     4.2000000        0.00061189        0.00174404
     4.3000000        0.00164755        0.00136359
     4.4000000        0.00266886        0.00367873
     4.5000000        0.00419059        0.00404000
     4.6000000        0.00457187        0.00665672
     4.7000000        0.00194616        0.00560825
     4.8000000       -0.00224682        0.00544351
     4.9000000       -0.00190060        0.00658134
     5.0000000       -0.00168195        0.00886064
     5.1000000       -0.00111772        0.00783076
     5.2000000       -0.00093876        0.00643991
     5.3000000        0.00177261        0.00581963
     5.4000000        0.00335077        0.00376101
     5.5000000        0.00433783        0.00249550
     5.6000000        0.00365460        0.00091584
     5.7000000        0.00213551        0.00095871
     5.8000000        0.00201337        0.00133383
     5.9000000        0.00021419        0.00201313
     6.0000000        0.00004170        0.00133978
     6.1000000       -0.00135038        0.00044412
     6.2000000       -0.00203389        0.00185196
     6.3000000       -0.00448455        0.00409168
     6.4000000       -0.00387759        0.00265099
     6.5000000       -0.00173880        0.00272484
     6.6000000       -0.00100766        0.00299424
     6.7000000        0.00096237        0.00277366
     6.8000000        0.00341823        0.00504095
     6.9000000        0.00507931        0.00315562
     7.0000000        0.00580108        0.00093731
     7.1000000        0.00577180        0.00161326
     7.2000000        0.00520289        0.00037135
     7.3000000        0.00384140        0.00037575
     7.4000000        0.00201831        0.00270520
     7.5000000        0.00040438        0.00326104
     7.6000000        0.00054847        0.00575895
     7.7000000       -0.00056131        0.00649472
     7.8000000       -0.00005996        0.01033158
     7.9000000        0.00048773        0.01087440
     8.0000000        0.00101319        0.01007130
     8.1000000       -0.00008007        0.00964042
     8.2000000       -0.00100484        0.00794469
     8.3000000       -0.00236000        0.00505083
     8.4000000       -0.00368285        0.00394249
     8.5000000       -0.00437143        0.00444566
     8.6000000       -0.00273263        0.00516272
     8.7000000       -0.00274479        0.00527119
     8.8000000       -0.00407996        0.00697960
     8.9000000       -0.00337880        0.00711425
     9.0000000       -0.00120801        0.00636978
     9.1000000        0.00074806        0.00461950
     9.2000000        0.00239729        0.00368754
     9.3000000        0.00744939        0.00227191
     9.4000000        0.01150724        0.00086757
     9.5000000        0.02018315        0.00301776
     9.6000000        0.02872909        0.00018104
     9.7000000        0.04383463        0.00002629
     9.8000000        0.07080566        0.00071571
     9.9000000        0.11613495        0.00136485
    10.0000000        0.19987668        0.00377573
