     0.0000000        2.00000000        0.00000000
     0.1000000        1.75773954        0.00475700
     0.2000000        1.57478226        0.00189341
     0.3000000        1.43140123        0.00234630
     0.4000000        1.30678967        0.00138634
     0.5000000        1.20058613        0.00974208
     0.6000000        1.10776361        0.01390020
     0.7000000        1.02461111        0.01921547
     0.8000000        0.94797489        0.00934943
     0.9000000        0.88472341        0.00717601
     1.0000000        0.82690034        0.01157870
     1.1000000        0.76980199        0.00233134
     1.2000000        0.71402689        0.00383900
     1.3000000        0.66018234        0.00750586
     1.4000000        0.61580416        0.00941083
     1.5000000        0.57445673        0.02016606
     1.6000000        0.53144531        0.01471320
     1.7000000        0.49418382        0.01698960
     1.8000000        0.46145702        0.00795609
     1.9000000        0.42983629        0.01227571
     2.0000000        0.39567790        0.01448451
     2.1000000        0.36256008        0.02042293
     2.2000000        0.33785967        0.02490203
     2.3000000        0.31443968        0.03475840
     2.4000000        0.29624649        0.03693912
     2.5000000        0.27318679        0.03307813
     2.6000000        0.25446586        0.02473047
     2.7000000        0.24324639        0.03008292
     2.8000000        0.22333513        0.02982711
     2.9000000        0.20535249        0.03588836
     3.0000000        0.20160372        0.02909422
     3.1000000        0.18843459        0.02010121
     3.2000000        0.17864156        0.01975378
     3.3000000        0.16894675        0.01870956
     3.4000000        0.15858569        0.01000794
     3.5000000        0.14657922        0.00749209
     3.6000000        0.13868473        0.00812815
     3.7000000        0.13007848        0.01563088
     3.8000000        0.12352500        0.01139641
     3.9000000        0.11411464        0.01663437
     4.0000000        0.10936962        0.01310103
     4.1000000        0.10591049        0.00255284
     4.2000000        0.10234585        0.00604504
     4.3000000        0.09606099        0.00767015
     4.4000000        0.09751226        0.00811992
     4.5000000        0.08969012        0.00812747
     4.6000000        0.08329458        0.01340078
     4.7000000        0.08026379        0.01856750
     4.8000000        0.08278953        0.00960192
     4.9000000        0.08591043        0.01086013
     5.0000000        0.08558559        0.00833061
     5.1000000        0.08597114        0.00476867
     5.2000000        0.07668578        0.00460744
     5.3000000        0.08021549        0.00156743
     5.4000000        0.08767653        0.01016737
     5.5000000        0.08994426        0.00052268
     5.6000000        0.09529878        0.01077069
     5.7000000        0.09781429        0.00287740
     5.8000000        0.10454874        0.00272389
     5.9000000        0.10349909        0.00181523
     6.0000000        0.11016334        0.00124784
     6.1000000        0.11402127        0.00133906
     6.2000000        0.11563246        0.00972607
     6.3000000        0.13523410        0.01707117
     6.4000000        0.13857661        0.01297769
     6.5000000        0.15181806        0.01910887
     6.6000000        0.16153583        0.02132642
     6.7000000        0.17476280        0.02231663
     6.8000000        0.18741015        0.00840692
     6.9000000        0.18986324        0.01689158
     7.0000000        0.20100791        0.00595845
     7.1000000        0.21440567        0.00059906
     7.2000000        0.21812263        0.00084566
     7.3000000        0.23313111        0.00351343
     7.4000000        0.24804058        0.00695487
     7.5000000        0.27436048        0.00672270
     7.6000000        0.29835208        0.01688297
     7.7000000        0.31682797        0.01516286
     7.8000000        0.33772500        0.02372910
     7.9000000        0.36077466        0.01930628
     8.0000000        0.38593890        0.00942886
     8.1000000        0.41135191        0.01384238
     8.2000000        0.43406240        0.01166963
     8.3000000        0.47031709        0.01453593
     8.4000000        0.51055970        0.02297113
     8.5000000        0.55153967        0.02780437
     8.6000000        0.58997378        0.01901051
     8.7000000        0.63547759        0.01710086
     8.8000000        0.68080264        0.00903884
     8.9000000        0.72813533        0.01797587
     9.0000000        0.78668431        0.02272915
     9.1000000        0.85207260        0.01848563
     9.2000000        0.92572851        0.02584656
     9.3000000        1.00564121        0.02246533
     9.4000000        1.09682480        0.01090655
     9.5000000        1.18873378        0.01298877
     9.6000000        1.29959838        0.00947768
     9.7000000        1.42717158        0.02360943
     9.8000000        1.57696100        0.01201334
     9.9000000        1.76576409        0.01117928
    10.0000000        2.00000000        0.00000000
