     0.0000000        0.14881968        0.00378534
     0.1000000        0.10343265        0.00321156
     0.2000000        0.07191767        0.00223072
     0.3000000        0.05117704        0.00296408
     0.4000000        0.03551208        0.00195305
     0.5000000        0.02521103        0.00187418
     0.6000000        0.02001236        0.00187523
     0.7000000        0.01855219        0.00197719
     0.8000000        0.01471784        0.00179474
     0.9000000        0.00826546        0.00268913
     1.0000000        0.00698446        0.00287167
     1.1000000        0.00539685        0.00218605
     1.2000000        0.00489716        0.00181426
     1.3000000        0.00443588        0.00193409
     1.4000000        0.00287696        0.00206342
     1.5000000        0.00492445        0.00216789
     1.6000000        0.00511637        0.00301767
     1.7000000        0.00573221        0.00315252
     1.8000000        0.00419290        0.00278096
     1.9000000        0.00344087        0.00260972
     2.0000000        0.00020653        0.00257464
     2.1000000        0.00249994        0.00255560
     2.2000000        0.00004005        0.00242469
     2.3000000       -0.00167033        0.00230276
     2.4000000        0.00133868        0.00281713
     2.5000000        0.00171353        0.00237731
     2.6000000       -0.00057853        0.00270334
     2.7000000        0.00277110        0.00233264
     2.8000000        0.00204578        0.00230552
     2.9000000        0.00089088        0.00230305
     3.0000000        0.00216617        0.00158903
     3.1000000        0.00232380        0.00188741
     3.2000000        0.00373388        0.00195723
     3.3000000        0.00471567        0.00168717
     3.4000000        0.00422027        0.00221795
     3.5000000        0.00335529        0.00241410
     3.6000000        0.00379348        0.00230847
     3.7000000        0.00335623        0.00190127
     3.8000000        0.00289763        0.00219293
     3.9000000        0.00262019        0.00234722
     4.0000000        0.00222971        0.00230820
     4.1000000        0.00454441        0.00231640
     4.2000000        0.00413928        0.00255492
     4.3000000        0.00333230        0.00225750
     4.4000000        0.00533325        0.00298480
     4.5000000        0.00376922        0.00276661
     4.6000000        0.00363272        0.00285939
     4.7000000        0.00155666        0.00247892
     4.8000000       -0.00290610        0.00238113
     4.9000000       -0.00188025        0.00235286
     5.0000000       -0.00049032        0.00196694
     5.1000000       -0.00215900        0.00177469
     5.2000000       -0.00241348        0.00158601
     5.3000000       -0.00024715        0.00192388
     5.4000000       -0.00033459        0.00178897
     5.5000000        0.00059067        0.00228833
     5.6000000       -0.00012066        0.00179854
     5.7000000        0.00104787        0.00204223
     5.8000000        0.00201176        0.00228320
     5.9000000       -0.00116263        0.00271308
     6.0000000       -0.00018103        0.00267383
     6.1000000        0.00006493        0.00227835
     6.2000000        0.00070412        0.00302671
     6.3000000       -0.00183968        0.00269591
     6.4000000       -0.00036499        0.00261046
     6.5000000        0.00131121        0.00231523
     6.6000000        0.00066931        0.00196937
     6.7000000        0.00180979        0.00210353
     6.8000000        0.00294212        0.00176690
     6.9000000        0.00190157        0.00242365
     7.0000000        0.00371639        0.00242108
     7.1000000        0.00784549        0.00288825
     7.2000000        0.00844133        0.00268385
     7.3000000        0.00790814        0.00295655
     7.4000000        0.01108787        0.00278862
     7.5000000        0.01252315        0.00245088
     7.6000000        0.01690911        0.00231020
     7.7000000        0.01664643        0.00279193
     7.8000000        0.01801590        0.00314401
     7.9000000        0.02102547        0.00278531
     8.0000000        0.02532324        0.00324520
     8.1000000        0.02907402        0.00323982
     8.2000000        0.03786482        0.00272615
     8.3000000        0.04599356        0.00272747
     8.4000000        0.05469770        0.00258713
     8.5000000        0.06825097        0.00211717
     8.6000000        0.08510989        0.00270536
     8.7000000        0.10711317        0.00220343
     8.8000000        0.13319902        0.00290967
     8.9000000        0.16310715        0.00295170
     9.0000000        0.20150727        0.00270268
     9.1000000        0.25009805        0.00319351
     9.2000000        0.30797793        0.00328720
     9.3000000        0.38096368        0.00343995
     9.4000000        0.47486024        0.00426088
     9.5000000        0.58419651        0.00365669
     9.6000000        0.72689383        0.00379224
     9.7000000        0.90643764        0.00364925
     9.8000000        1.14246137        0.00367176
     9.9000000        1.44794569        0.00336371
    10.0000000        1.85118032        0.00378534
