     0.0000000        0.62155309        0.00762258
     0.1000000        0.50772553        0.00718414
     0.2000000        0.42601902        0.00695878
     0.3000000        0.36554882        0.00707531
     0.4000000        0.31944172        0.00682315
     0.5000000        0.28346575        0.00709415
     0.6000000        0.25382211        0.00756734
     0.7000000        0.23083329        0.00780825
     0.8000000        0.21100241        0.00794965
     0.9000000        0.19395654        0.00778947
     1.0000000        0.17853069        0.00753637
     1.1000000        0.16245060        0.00677765
     1.2000000        0.14988322        0.00679212
     1.3000000        0.13650861        0.00582842
     1.4000000        0.12448325        0.00527261
     1.5000000        0.11377405        0.00473882
     1.6000000        0.10462164        0.00402185
     1.7000000        0.09883157        0.00429514
     1.8000000        0.09356838        0.00485832
     1.9000000        0.08690366        0.00461290
     2.0000000        0.08168318        0.00491525
     2.1000000        0.07645802        0.00478650
     2.2000000        0.07169646        0.00493147
     2.3000000        0.06756045        0.00479699
     2.4000000        0.06453433        0.00490972
     2.5000000        0.06151826        0.00527201
     2.6000000        0.05930012        0.00580072
     2.7000000        0.05752994        0.00585069
     2.8000000        0.05637767        0.00678032
     2.9000000        0.05196047        0.00550132
     3.0000000        0.04932028        0.00491107
     3.1000000        0.04610002        0.00404232
     3.2000000        0.04388388        0.00382368
     3.3000000        0.04209927        0.00337326
     3.4000000        0.04175129        0.00436412
     3.5000000        0.03942206        0.00330822
     3.6000000        0.03820366        0.00321426
     3.7000000        0.03689055        0.00293587
     3.8000000        0.03372461        0.00279001
     3.9000000        0.02992238        0.00354951
     4.0000000        0.02785110        0.00385892
     4.1000000        0.02615763        0.00404854
     4.2000000        0.02612917        0.00308942
     4.3000000        0.02567516        0.00246808
     4.4000000        0.02522782        0.00242711
     4.5000000        0.02562347        0.00299979
     4.6000000        0.02613354        0.00398227
     4.7000000        0.02530744        0.00347497
     4.8000000        0.02525292        0.00331557
     4.9000000        0.02610641        0.00298260
     5.0000000        0.02744175        0.00383100
     5.1000000        0.02859134        0.00498806
     5.2000000        0.02998130        0.00607913
     5.3000000        0.03067344        0.00636515
     5.4000000        0.03131947        0.00609846
     5.5000000        0.03126268        0.00575242
     5.6000000        0.03157028        0.00493573
     5.7000000        0.03109976        0.00397685
     5.8000000        0.03103990        0.00379364
     5.9000000        0.03055537        0.00320140
     6.0000000        0.03040839        0.00289338
     6.1000000        0.03030289        0.00290334
     6.2000000        0.03057294        0.00293746
     6.3000000        0.03098530        0.00269686
     6.4000000        0.03251684        0.00256187
     6.5000000        0.03364222        0.00250048
     6.6000000        0.03512739        0.00258028
     6.7000000        0.03723022        0.00271672
     6.8000000        0.03745790        0.00260507
     6.9000000        0.03872573        0.00305502
     7.0000000        0.04094196        0.00329767
     7.1000000        0.04382963        0.00345935
     7.2000000        0.04794795        0.00343196
     7.3000000        0.05259768        0.00361526
     7.4000000        0.05576457        0.00377659
     7.5000000        0.05901362        0.00373805
     7.6000000        0.06413182        0.00387684
     7.7000000        0.07021450        0.00410909
     7.8000000        0.07530375        0.00417960
     7.9000000        0.08009696        0.00437180
     8.0000000        0.08522832        0.00467186
     8.1000000        0.09097447        0.00478809
     8.2000000        0.09734761        0.00463521
     8.3000000        0.10412899        0.00466384
     8.4000000        0.11124995        0.00455590
     8.5000000        0.11910331        0.00458106
     8.6000000        0.12730238        0.00452913
     8.7000000        0.13718395        0.00449492
     8.8000000        0.14835693        0.00441598
     8.9000000        0.16112456        0.00459386
     9.0000000        0.17472960        0.00488308
     9.1000000        0.19042197        0.00515790
     9.2000000        0.20907291        0.00579096
     9.3000000        0.23006194        0.00625476
     9.4000000        0.25360666        0.00613278
     9.5000000        0.28305427        0.00634106
     9.6000000        0.32048324        0.00685603
     9.7000000        0.36723851        0.00697329
     9.8000000        0.42875265        0.00748894
     9.9000000        0.51034190        0.00773124
    10.0000000        0.62155309        0.00762258
