     0.0000000        0.98975692        0.00730810
     0.1000000        0.86556927        0.00740198
     0.2000000        0.76425741        0.00813198
     0.3000000        0.68061373        0.00774990
     0.4000000        0.61335259        0.00724425
     0.5000000        0.55184239        0.00684304
     0.6000000        0.50191355        0.00624138
     0.7000000        0.45877878        0.00563867
     0.8000000        0.41536995        0.00579994
     0.9000000        0.37985258        0.00645593
     1.0000000        0.34520775        0.00623341
     1.1000000        0.31047712        0.00572075
     1.2000000        0.28423791        0.00576415
     1.3000000        0.26287297        0.00522826
     1.4000000        0.23315325        0.00575289
     1.5000000        0.20935314        0.00508355
     1.6000000        0.19091994        0.00526168
     1.7000000        0.17458273        0.00567010
     1.8000000        0.16473998        0.00540139
     1.9000000        0.15464012        0.00495689
     2.0000000        0.14141358        0.00486531
     2.1000000        0.12499586        0.00497387
     2.2000000        0.11168416        0.00533568
     2.3000000        0.10360703        0.00535154
     2.4000000        0.09499477        0.00556492
     2.5000000        0.08779615        0.00569807
     2.6000000        0.08155054        0.00522034
     2.7000000        0.06811969        0.00615750
     2.8000000        0.05761762        0.00557230
     2.9000000        0.05322644        0.00489429
     3.0000000        0.04850397        0.00573273
     3.1000000        0.04366075        0.00683976
     3.2000000        0.03888603        0.00671348
     3.3000000        0.03451766        0.00653227
     3.4000000        0.02786102        0.00592149
     3.5000000        0.02793314        0.00569345
     3.6000000        0.02892513        0.00604570
     3.7000000        0.02925452        0.00594991
     3.8000000        0.02759999        0.00649775
     3.9000000        0.02673381        0.00717502
     4.0000000        0.02276481        0.00619277
     4.1000000        0.02615207        0.00638732
     4.2000000        0.02263664        0.00624238
     4.3000000        0.02076518        0.00648704
     4.4000000        0.01954952        0.00628208
     4.5000000        0.02150695        0.00632305
     4.6000000        0.01841523        0.00587381
     4.7000000        0.02197096        0.00609687
     4.8000000        0.01815635        0.00568160
     4.9000000        0.01764685        0.00702911
     5.0000000        0.01845820        0.00701456
     5.1000000        0.02074132        0.00691277
     5.2000000        0.02047165        0.00596243
     5.3000000        0.02128875        0.00676266
     5.4000000        0.02063979        0.00691275
     5.5000000        0.02242604        0.00621055
     5.6000000        0.02455715        0.00608156
     5.7000000        0.02502832        0.00654832
     5.8000000        0.02357630        0.00566232
     5.9000000        0.02220750        0.00560771
     6.0000000        0.02568960        0.00580712
     6.1000000        0.02797565        0.00559992
     6.2000000        0.02368582        0.00511294
     6.3000000        0.01974777        0.00404626
     6.4000000        0.02495787        0.00371254
     6.5000000        0.02450051        0.00478924
     6.6000000        0.02908317        0.00463434
     6.7000000        0.03120090        0.00481690
     6.8000000        0.03703643        0.00516299
     6.9000000        0.03943485        0.00520312
     7.0000000        0.04309150        0.00496972
     7.1000000        0.04837291        0.00458286
     7.2000000        0.05602981        0.00551669
     7.3000000        0.06224054        0.00478130
     7.4000000        0.07185497        0.00516800
     7.5000000        0.07686215        0.00590533
     7.6000000        0.08514303        0.00584562
     7.7000000        0.09744727        0.00461233
     7.8000000        0.11328825        0.00471802
     7.9000000        0.11981123        0.00520956
     8.0000000        0.13353974        0.00532028
     8.1000000        0.14511948        0.00481025
     8.2000000        0.15972493        0.00535796
     8.3000000        0.17272714        0.00531523
     8.4000000        0.19062559        0.00388819
     8.5000000        0.21199280        0.00381462
     8.6000000        0.23210004        0.00494767
     8.7000000        0.25455184        0.00546099
     8.8000000        0.28164244        0.00439036
     8.9000000        0.31351688        0.00419017
     9.0000000        0.34743593        0.00497778
     9.1000000        0.38734528        0.00552202
     9.2000000        0.42648892        0.00531026
     9.3000000        0.46987638        0.00563220
     9.4000000        0.51678868        0.00510107
     9.5000000        0.56996480        0.00563962
     9.6000000        0.63216038        0.00584921
     9.7000000        0.69325335        0.00733161
     9.8000000        0.78003520        0.00726191
     9.9000000        0.88140621        0.00795001
    10.0000000        1.01024308        0.00730810
