     0.0000000        1.84657677        0.00480538
     0.1000000        1.32590754        0.00778111
     0.2000000        0.96284841        0.00728687
     0.3000000        0.71044136        0.00809679
     0.4000000        0.52551029        0.00490966
     0.5000000        0.38861882        0.00163215
     0.6000000        0.29049853        0.01233746
     0.7000000        0.22285495        0.00294719
     0.8000000        0.16629264        0.00414664
     0.9000000        0.12731453        0.00382972
     1.0000000        0.09363115        0.00593037
     1.1000000        0.06815522        0.00346966
     1.2000000        0.04684906        0.00565526
     1.3000000        0.03612748        0.00129977
     1.4000000        0.02980864        0.00740286
     1.5000000        0.02324615        0.00609462
     1.6000000        0.00921982        0.00647671
     1.7000000        0.01129310        0.00298150
     1.8000000        0.01050292        0.00071833
     1.9000000        0.00822251        0.00377932
     2.0000000        0.00280970        0.00229363
     2.1000000        0.00089126        0.00098594
     2.2000000        0.00033840        0.00308734
     2.3000000        0.00030554        0.00149455
     2.4000000        0.00221593        0.00081765
     2.5000000        0.00226432        0.00534597
     2.6000000        0.00067383        0.00488684
     2.7000000        0.00109197        0.00051606
     2.8000000        0.00137192        0.00865333
     2.9000000       -0.00311966        0.01111513
     3.0000000        0.00034779        0.01324037
     3.1000000       -0.00242929        0.01066232
     3.2000000       -0.00426069        0.00713381
     3.3000000       -0.00418064        0.00378362
     3.4000000       -0.00095509        0.00143602
     3.5000000       -0.00059027        0.00461763
     3.6000000        0.00200110        0.00625959
     3.7000000        0.00289779        0.01109907
     3.8000000        0.00530659        0.00886216
     3.9000000        0.00076845        0.00677080
     4.0000000       -0.00058019        0.01162313
     4.1000000        0.00186366        0.00752705
     4.2000000        0.00369338        0.00942306
     4.3000000        0.00037018        0.00788216
     4.4000000       -0.00139190        0.00923832
     4.5000000       -0.00050311        0.00942982
     4.6000000       -0.00156653        0.00822677
     4.7000000        0.00026176        0.00817886
     4.8000000        0.00497131        0.00077350
     4.9000000        0.00271112        0.00050857
     5.0000000        0.00269068        0.00202684
     5.1000000        0.00230588        0.00677311
     5.2000000        0.00140193        0.00305378
     5.3000000        0.00003017        0.00407292
     5.4000000       -0.00249733        0.00024802
     5.5000000       -0.00328678        0.00536717
     5.6000000       -0.00129280        0.00622659
     5.7000000        0.00401889        0.00446017
     5.8000000        0.00433597        0.00334582
     5.9000000        0.00547422        0.00704017
     6.0000000        0.00356359        0.00630959
     6.1000000        0.00470179        0.00733557
     6.2000000        0.00387060        0.00536417
     6.3000000        0.00237914        0.00212662
     6.4000000        0.00268727        0.00398648
     6.5000000        0.00139995        0.00519264
     6.6000000        0.00057228        0.00689343
     6.7000000        0.00125945        0.00104619
     6.8000000       -0.00102679        0.00064446
     6.9000000        0.00625572        0.00478355
     7.0000000        0.00379848        0.00584703
     7.1000000        0.00420184        0.00086406
     7.2000000        0.00596364        0.00196393
     7.3000000        0.00571519        0.00022051
     7.4000000        0.00595066        0.00233799
     7.5000000        0.00527122        0.00120606
     7.6000000        0.00483088        0.00222625
     7.7000000        0.00939281        0.00004046
     7.8000000        0.00980379        0.00098451
     7.9000000        0.01077562        0.00132410
     8.0000000        0.00777724        0.00345094
     8.1000000        0.00557377        0.00402272
     8.2000000        0.00403766        0.00660099
     8.3000000        0.00085298        0.00539242
     8.4000000       -0.00219450        0.00240425
     8.5000000        0.00214401        0.00101344
     8.6000000       -0.00072175        0.00204790
     8.7000000        0.00035138        0.00271381
     8.8000000        0.00196151        0.00442660
     8.9000000        0.00065095        0.00503487
     9.0000000        0.00219004        0.00676602
     9.1000000        0.00217448        0.01229781
     9.2000000        0.00229941        0.00006192
     9.3000000        0.00520708        0.00371181
     9.4000000        0.00858151        0.00081425
     9.5000000        0.01885812        0.00341951
     9.6000000        0.03591409        0.00535458
     9.7000000        0.04814122        0.00590867
     9.8000000        0.06749243        0.00250572
     9.9000000        0.10298108        0.00042680
    10.0000000        0.15342323        0.00480538
