     0.0000000        0.31922963        0.00836834
     0.1000000        0.17871929        0.00777636
     0.2000000        0.10498616        0.00754063
     0.3000000        0.06265756        0.00750785
     0.4000000        0.03974114        0.00683179
     0.5000000        0.02728764        0.00600577
     0.6000000        0.01987077        0.00547126
     0.7000000        0.01484245        0.00507029
     0.8000000        0.00977920        0.00443246
     0.9000000        0.00575741        0.00473755
     1.0000000        0.00267785        0.00454351
     1.1000000       -0.00145624        0.00437985
     1.2000000       -0.00338982        0.00424296
     1.3000000       -0.00615084        0.00439513
     1.4000000       -0.00707684        0.00443685
     1.5000000       -0.00703888        0.00407497
     1.6000000       -0.00867496        0.00450680
     1.7000000       -0.00978675        0.00413634
     1.8000000       -0.01127114        0.00435959
     1.9000000       -0.01280622        0.00453860
     2.0000000       -0.01370297        0.00489970
     2.1000000       -0.01192479        0.00452035
     2.2000000       -0.00983596        0.00426069
     2.3000000       -0.00713949        0.00406453
     2.4000000       -0.00690537        0.00378550
     2.5000000       -0.00620092        0.00366505
     2.6000000       -0.00459858        0.00335617
     2.7000000       -0.00412027        0.00326909
     2.8000000       -0.00370928        0.00374733
     2.9000000       -0.00336133        0.00387804
     3.0000000       -0.00474473        0.00370654
     3.1000000       -0.00462592        0.00354985
     3.2000000       -0.00620191        0.00312906
     3.3000000       -0.00663350        0.00310934
     3.4000000       -0.00611303        0.00296363
     3.5000000       -0.00606889        0.00319919
     3.6000000       -0.00611327        0.00332288
     3.7000000       -0.00623361        0.00318726
     3.8000000       -0.00642713        0.00297908
     3.9000000       -0.00529516        0.00276584
     4.0000000       -0.00411947        0.00283202
     4.1000000       -0.00418420        0.00319835
     4.2000000       -0.00435702        0.00350534
     4.3000000       -0.00419516        0.00365453
     4.4000000       -0.00433738        0.00445010
     4.5000000       -0.00388278        0.00515531
     4.6000000       -0.00270728        0.00602298
     4.7000000       -0.00437148        0.00621416
     4.8000000       -0.00449480        0.00589477
     4.9000000       -0.00375331        0.00509329
     5.0000000       -0.00366606        0.00459573
     5.1000000       -0.00426159        0.00392534
     5.2000000       -0.00151277        0.00364503
     5.3000000       -0.00097958        0.00381586
     5.4000000       -0.00291417        0.00341884
     5.5000000       -0.00657179        0.00342574
     5.6000000       -0.00629578        0.00358940
     5.7000000       -0.00499550        0.00353107
     5.8000000       -0.00494509        0.00349561
     5.9000000       -0.00437436        0.00377851
     6.0000000       -0.00086627        0.00358773
     6.1000000        0.00260981        0.00374628
     6.2000000        0.00464999        0.00400679
     6.3000000        0.00622292        0.00388442
     6.4000000        0.00628720        0.00386273
     6.5000000        0.00523126        0.00417235
     6.6000000        0.00375237        0.00424887
     6.7000000        0.00328940        0.00423697
     6.8000000        0.00312159        0.00431125
     6.9000000        0.00103782        0.00444106
     7.0000000       -0.00159151        0.00405978
     7.1000000       -0.00153309        0.00398884
     7.2000000       -0.00118416        0.00441850
     7.3000000       -0.00112500        0.00449999
     7.4000000       -0.00211765        0.00459563
     7.5000000       -0.00106478        0.00459810
     7.6000000        0.00008518        0.00464046
     7.7000000        0.00249549        0.00470690
     7.8000000        0.00263970        0.00467406
     7.9000000        0.00352670        0.00448911
     8.0000000        0.00307069        0.00461372
     8.1000000        0.00326194        0.00437116
     8.2000000        0.00468881        0.00387580
     8.3000000        0.00632346        0.00337111
     8.4000000        0.00642740        0.00342383
     8.5000000        0.00787006        0.00368202
     8.6000000        0.00986788        0.00382535
     8.7000000        0.01248622        0.00411242
     8.8000000        0.01276325        0.00407873
     8.9000000        0.01261211        0.00399871
     9.0000000        0.01130934        0.00377381
     9.1000000        0.01321308        0.00391272
     9.2000000        0.01255196        0.00423531
     9.3000000        0.01445392        0.00433304
     9.4000000        0.02060604        0.00432821
     9.5000000        0.02892666        0.00429004
     9.6000000        0.04201192        0.00476307
     9.7000000        0.06330416        0.00632227
     9.8000000        0.10275732        0.00781049
     9.9000000        0.17743465        0.00860702
    10.0000000        0.31922963        0.00836834
